500 499 3 418 419
326.7118 185.5413
0.8040 0.2092 586.0279
0.7240 0.1884 383.3911
0.6140 0.1598 851.0460
0.6860 0.1785 24.6116
0.4860 0.1265 630.0158
0.5880 0.1530 437.5267
0.8420 0.2191 254.8737
0.8100 0.2108 330.6818
0.5860 0.1525 655.5356
0.6460 0.1681 913.8714
0.0420 0.0109 902.7285
0.3540 0.0921 341.6127
0.0480 0.0125 603.7786
0.2480 0.0645 885.5223
0.2840 0.0739 902.1447
0.3060 0.0796 185.1874
0.0940 0.0245 648.5562
0.9640 0.2508 754.3879
0.8760 0.2280 184.7912
0.3420 0.0890 472.6449
0.9700 0.2524 574.7287
0.5020 0.1306 364.0629
0.4100 0.1067 792.8966
0.6700 0.1743 538.2907
0.6320 0.1645 201.4471
0.8300 0.2160 853.0339
0.4200 0.1093 347.3518
0.1240 0.0323 957.1023
0.3640 0.0947 939.5495
0.6560 0.1707 713.3464
0.9520 0.2477 943.9979
0.5780 0.1504 908.1650
0.6900 0.1796 310.0692
0.0680 0.0177 413.1678
0.2240 0.0583 13.6765
0.5620 0.1462 931.2999
0.1100 0.0286 336.6530
0.3820 0.0994 4.6849
0.2640 0.0687 637.1886
0.6540 0.1702 864.4527
0.9300 0.2420 84.7330
0.5060 0.1317 339.4100
0.8060 0.2097 438.9293
0.9820 0.2555 407.0581
0.9280 0.2415 484.3709
0.0380 0.0099 193.3981
0.0100 0.0026 700.3744
0.7900 0.2056 822.9589
0.0160 0.0042 458.7048
0.5040 0.1311 122.7946
0.7760 0.2019 688.9746
0.9420 0.2451 809.3561
0.7020 0.1827 95.6612
0.7800 0.2030 661.5279
0.3440 0.0895 446.4316
0.0540 0.0141 771.3864
0.2660 0.0692 294.0888
0.3000 0.0781 601.0394
0.0460 0.0120 733.1449
0.5760 0.1499 591.9338
0.6880 0.1790 503.9865
0.3080 0.0801 176.0283
0.7060 0.1837 48.7224
0.0720 0.0187 265.7305
0.3320 0.0864 320.1029
0.1720 0.0448 623.0185
0.7040 0.1832 992.9235
0.2820 0.0734 680.7531
0.8620 0.2243 732.7792
0.3200 0.0833 605.2108
0.9080 0.2363 540.8227
0.4460 0.1161 916.6056
0.7400 0.1926 12.9480
0.6980 0.1816 506.8495
0.9120 0.2373 202.1158
0.1760 0.0458 770.4614
0.9100 0.2368 303.5082
0.8700 0.2264 412.9182
0.7080 0.1842 292.9361
0.4940 0.1285 142.4221
0.8960 0.2332 566.4268
0.1200 0.0312 540.8735
0.0860 0.0224 422.4496
0.8380 0.2181 94.7780
0.4260 0.1109 947.2157
0.6060 0.1577 768.4493
0.3940 0.1025 97.8644
0.2600 0.0677 478.4150
0.2140 0.0557 114.3485
0.1980 0.0515 820.0510
0.0580 0.0151 262.5525
0.8980 0.2337 829.3865
0.0520 0.0135 694.4876
0.8600 0.2238 258.2258
0.2300 0.0599 278.6291
0.3960 0.1030 291.8442
0.6360 0.1655 591.8577
0.4140 0.1077 826.7933
0.1520 0.0396 975.9961
0.7500 0.1952 917.0579
0.2700 0.0703 248.3938
0.4700 0.1223 680.9497
0.0040 0.0010 72.1239
0.2680 0.0697 302.2141
0.5940 0.1546 883.4659
0.7600 0.1978 78.6774
0.8680 0.2259 210.5201
0.7700 0.2004 642.9620
0.3040 0.0791 706.9645
0.3300 0.0859 583.0697
0.8640 0.2248 443.2230
0.1320 0.0343 452.2778
0.4280 0.1114 448.6630
0.2220 0.0578 969.0443
0.2400 0.0625 884.4043
0.6260 0.1629 967.5767
0.7320 0.1905 103.3863
0.7420 0.1931 697.2396
0.1960 0.0510 490.4463
0.2180 0.0567 679.8995
0.8900 0.2316 727.4287
0.2080 0.0541 434.0035
0.8520 0.2217 758.1538
0.9260 0.2410 931.9437
0.3600 0.0937 682.2445
0.3240 0.0843 404.8774
0.0260 0.0068 819.7192
0.1460 0.0380 681.6222
0.2780 0.0723 286.3381
0.9460 0.2462 934.3878
0.2460 0.0640 220.6524
0.5200 0.1353 796.8838
0.2580 0.0671 141.5894
0.2320 0.0604 658.8148
0.2800 0.0729 773.1169
0.1340 0.0349 697.7761
0.5680 0.1478 540.6674
0.4900 0.1275 729.2958
0.5900 0.1535 721.9389
0.1360 0.0354 81.9598
0.1020 0.0265 411.5197
0.4520 0.1176 192.5909
0.5000 0.1301 658.7032
0.5980 0.1556 366.5686
0.7640 0.1988 52.0084
0.2360 0.0614 951.9028
0.6940 0.1806 424.6360
0.9920 0.2581 771.0408
0.2500 0.0651 516.8030
0.6120 0.1593 977.8609
0.3700 0.0963 236.4517
0.9240 0.2404 591.2983
0.0660 0.0172 174.2730
0.0020 0.0005 174.6120
0.7300 0.1900 166.4342
0.5540 0.1442 831.4183
0.9180 0.2389 468.0920
0.4580 0.1192 26.1504
0.3400 0.0885 616.3439
0.9480 0.2467 495.5961
0.9580 0.2493 297.2218
0.8180 0.2129 677.9758
0.1620 0.0422 622.1162
0.9760 0.2540 319.0066
0.5700 0.1483 363.6416
0.6920 0.1801 902.3469
0.6280 0.1634 89.6614
0.0080 0.0021 571.5140
0.8740 0.2274 455.2488
0.3520 0.0916 728.9074
0.0360 0.0094 956.0319
0.1560 0.0406 485.2178
0.7180 0.1868 424.5370
0.5320 0.1384 496.8332
0.5380 0.1400 467.6008
0.4180 0.1088 158.4962
0.5520 0.1436 72.2428
0.0600 0.0156 959.3275
0.7200 0.1874 422.3529
0.2540 0.0661 261.9788
0.2920 0.0760 617.4586
0.5500 0.1431 438.5481
0.4020 0.1046 467.5660
0.8140 0.2118 726.9158
0.8400 0.2186 324.4728
0.7280 0.1894 821.2986
0.3120 0.0812 431.1316
0.4220 0.1098 93.9143
0.0400 0.0104 157.2714
0.8440 0.2196 933.2547
0.1880 0.0489 110.2599
0.7100 0.1848 797.1090
0.9600 0.2498 398.2376
0.0960 0.0250 901.7680
0.2060 0.0536 445.8868
0.9960 0.2592 484.8032
0.2980 0.0775 132.6525
0.5300 0.1379 159.8724
0.7840 0.2040 611.3454
0.0560 0.0146 640.9377
0.1740 0.0453 828.7844
0.9140 0.2378 269.4210
0.4640 0.1207 665.2077
0.4720 0.1228 321.7951
0.1680 0.0437 530.4244
0.2040 0.0531 463.1133
0.1120 0.0291 667.2280
0.0760 0.0198 508.4369
0.8280 0.2155 591.4618
0.5600 0.1457 608.0866
0.5180 0.1348 913.7977
0.4160 0.1083 80.1943
0.9340 0.2430 457.7595
0.3180 0.0827 553.4423
0.6380 0.1660 788.1113
0.0440 0.0114 301.0103
0.6400 0.1665 189.7550
0.7620 0.1983 477.7659
0.5840 0.1520 260.7429
0.1180 0.0307 324.3793
0.9880 0.2571 393.7968
0.3920 0.1020 517.6825
0.3340 0.0869 982.2021
0.9020 0.2347 856.6273
0.4060 0.1056 575.8786
0.5080 0.1322 142.3992
0.4660 0.1213 177.2627
0.2940 0.0765 598.6931
0.5340 0.1390 389.4829
0.1380 0.0359 603.5620
0.9660 0.2514 193.0276
0.8460 0.2201 710.7338
0.4440 0.1155 72.6551
0.2740 0.0713 705.2990
0.9040 0.2352 142.8070
0.8320 0.2165 34.7965
0.3800 0.0989 272.3182
0.0620 0.0161 615.5478
0.4540 0.1181 966.6629
0.1900 0.0494 98.0289
0.0920 0.0239 382.4287
0.6180 0.1608 581.6242
0.7720 0.2009 879.6595
0.1940 0.0505 319.4199
0.7880 0.2051 649.6525
0.5260 0.1369 246.1713
0.0140 0.0036 377.5323
0.2620 0.0682 457.5637
0.4000 0.1041 7.0353
0.8200 0.2134 569.7051
0.8260 0.2149 531.9163
0.2520 0.0656 274.0626
0.7980 0.2077 259.9244
0.8800 0.2290 842.1678
0.4880 0.1270 661.7372
0.6720 0.1749 526.4612
0.6740 0.1754 236.9412
0.7380 0.1920 79.3580
0.8840 0.2300 938.6016
0.0240 0.0062 543.4045
0.0780 0.0203 944.0275
0.4760 0.1239 707.3011
0.3780 0.0984 636.2265
0.1060 0.0276 753.1146
0.7480 0.1946 131.0023
0.3860 0.1004 552.4066
0.2420 0.0630 859.4752
0.9900 0.2576 635.4276
0.4400 0.1145 991.2750
0.0820 0.0213 75.2347
0.9680 0.2519 713.3608
0.5820 0.1514 176.9549
0.8780 0.2285 805.7929
0.0880 0.0229 617.5368
0.3020 0.0786 255.1257
0.4120 0.1072 676.8377
0.9360 0.2436 307.0811
0.0200 0.0052 980.1762
0.2860 0.0744 292.0927
0.8340 0.2170 457.7797
0.8940 0.2326 206.9111
0.5640 0.1468 609.7433
0.0300 0.0078 398.3483
0.1500 0.0390 879.6290
0.8120 0.2113 296.7207
0.7160 0.1863 48.8652
0.5220 0.1358 202.0295
0.7560 0.1967 951.2457
0.0980 0.0255 65.3397
0.9160 0.2384 705.5823
0.4040 0.1051 222.7147
0.6300 0.1639 597.1711
0.6500 0.1691 322.3824
0.7520 0.1957 88.3483
0.9620 0.2503 380.0030
0.9840 0.2561 102.4467
0.9320 0.2425 938.3110
0.7440 0.1936 807.8278
0.1140 0.0297 913.3609
0.2960 0.0770 321.5265
0.6600 0.1717 906.0002
0.3460 0.0900 664.5795
0.3100 0.0807 700.7161
0.1080 0.0281 109.6419
0.6620 0.1723 24.2495
0.2340 0.0609 461.3898
0.9740 0.2535 241.7203
0.9440 0.2456 529.4433
0.6760 0.1759 704.2823
0.9200 0.2394 162.1727
0.1220 0.0317 505.9302
0.0320 0.0083 841.5590
0.2260 0.0588 445.5551
0.9720 0.2529 60.6634
0.2120 0.0552 547.4446
0.0220 0.0057 676.6140
0.1840 0.0479 569.7574
0.3500 0.0911 545.6427
0.6200 0.1613 824.9124
0.6420 0.1671 93.8413
0.7360 0.1915 880.9311
0.2560 0.0666 859.4571
0.6080 0.1582 313.8280
0.6520 0.1697 550.8970
0.3660 0.0952 474.0973
0.2160 0.0562 548.6012
0.1600 0.0416 13.7621
0.1580 0.0411 71.4221
0.9940 0.2587 957.9065
0.2280 0.0593 38.4165
0.3680 0.0958 970.5864
0.1820 0.0474 113.5589
0.7940 0.2066 887.1986
0.4800 0.1249 947.7316
0.3260 0.0848 706.2045
0.4820 0.1254 859.3465
0.9000 0.2342 581.4766
0.4360 0.1135 426.1418
0.6040 0.1572 209.3611
0.5140 0.1338 859.1051
0.6640 0.1728 565.7938
0.6340 0.1650 64.8177
0.3880 0.1010 542.5151
0.0280 0.0073 206.0457
0.4600 0.1197 473.2710
0.1780 0.0463 234.8031
0.0740 0.0193 931.3726
0.1260 0.0328 498.2586
0.1040 0.0271 918.2167
0.5120 0.1332 443.2329
0.6580 0.1712 790.6388
0.7220 0.1879 641.8897
0.6820 0.1775 927.9177
0.7580 0.1972 652.9227
0.1640 0.0427 903.6025
0.7660 0.1993 35.5833
0.5720 0.1488 667.2712
0.2900 0.0755 322.9564
0.8920 0.2321 907.7174
0.3560 0.0926 615.4706
0.5160 0.1343 529.5183
0.2000 0.0520 314.2980
0.4420 0.1150 974.6892
0.4080 0.1062 657.1550
0.1300 0.0338 616.1918
0.9060 0.2358 254.5349
0.4380 0.1140 719.9009
0.0120 0.0031 172.9700
0.3740 0.0973 189.8743
0.1800 0.0468 408.0112
0.4920 0.1280 428.6034
0.6660 0.1733 387.5218
0.5280 0.1374 538.4309
0.9220 0.2399 271.6188
0.1440 0.0375 46.6168
0.3220 0.0838 495.2904
0.8660 0.2253 345.6179
0.0900 0.0234 103.4510
0.9380 0.2441 313.1872
0.8580 0.2233 247.9989
0.6160 0.1603 111.3228
0.2200 0.0572 683.9027
0.4500 0.1171 139.3355
0.4320 0.1124 432.2181
0.2020 0.0526 316.9112
0.7680 0.1998 483.0617
0.0700 0.0182 772.7040
0.6000 0.1561 124.8874
0.5420 0.1410 741.7294
0.6440 0.1676 110.6511
0.4340 0.1129 844.6308
0.2880 0.0749 286.4813
0.7860 0.2045 114.7461
0.6480 0.1686 86.7474
0.7820 0.2035 495.0960
0.6800 0.1769 640.7920
0.4680 0.1218 166.8974
0.8220 0.2139 408.4127
0.7140 0.1858 387.2471
0.6100 0.1587 770.0555
0.5580 0.1452 481.1407
0.1280 0.0333 765.1733
0.8880 0.2311 811.8191
0.2720 0.0708 750.9015
0.4560 0.1187 181.0603
0.5460 0.1421 907.9485
0.1920 0.0500 19.6188
0.7000 0.1822 588.4955
0.4780 0.1244 695.8435
0.5100 0.1327 197.5846
0.2440 0.0635 174.0383
0.4620 0.1202 784.2366
0.1860 0.0484 70.6296
0.8560 0.2227 948.4488
0.0500 0.0130 403.0293
0.6780 0.1764 403.7217
0.8500 0.2212 592.2133
0.0000 0.0000 218.5222
0.9980 0.2597 581.3205
0.5800 0.1509 834.7088
0.3580 0.0932 819.1804
0.1420 0.0370 38.4981
0.7460 0.1941 703.1128
0.1700 0.0442 132.1960
0.0060 0.0016 969.4975
0.8160 0.2123 136.9447
0.8360 0.2175 774.7956
0.3360 0.0874 945.8594
0.1000 0.0260 662.5074
0.8480 0.2207 237.1030
0.3380 0.0880 86.4480
0.9560 0.2488 798.5833
0.3720 0.0968 498.8349
0.1480 0.0385 888.3997
0.5480 0.1426 121.9495
0.0800 0.0208 825.8491
0.5660 0.1473 135.1914
0.7780 0.2024 215.3582
0.8020 0.2087 818.9716
0.6020 0.1567 595.4442
0.5740 0.1494 944.9429
0.5960 0.1551 733.6939
0.9540 0.2482 161.5102
0.1160 0.0302 800.0305
0.0840 0.0219 303.5580
0.3620 0.0942 813.2026
0.3160 0.0822 551.6408
0.0640 0.0167 820.4470
0.6680 0.1738 710.7668
0.9500 0.2472 649.5791
0.4300 0.1119 483.4271
0.4740 0.1233 499.9050
0.7540 0.1962 136.3295
0.1400 0.0364 663.1302
0.5240 0.1364 510.6161
0.0180 0.0047 504.1566
0.4980 0.1296 274.6499
0.8820 0.2295 283.0165
0.7120 0.1853 874.6251
0.2380 0.0619 202.6271
0.3840 0.0999 961.7264
0.7920 0.2061 952.8730
0.2100 0.0546 956.4182
0.5360 0.1395 923.2052
0.4840 0.1259 95.2835
0.7740 0.2014 144.9218
0.8860 0.2306 400.7477
0.3760 0.0978 279.3739
0.6840 0.1780 399.4671
0.3480 0.0906 718.5802
0.3980 0.1036 402.6658
0.9800 0.2550 306.8206
0.1660 0.0432 908.7290
0.8720 0.2269 579.0441
0.0340 0.0088 898.6032
0.4480 0.1166 724.7686
0.7340 0.1910 177.1944
0.9780 0.2545 599.2065
0.6240 0.1624 739.6046
0.5920 0.1540 990.6224
0.4240 0.1103 836.2524
0.6220 0.1619 981.6131
0.1540 0.0401 796.1930
0.7260 0.1889 436.1576
0.5440 0.1416 659.7326
0.2760 0.0718 105.2634
0.9860 0.2566 231.2100
0.8240 0.2144 774.3272
0.3900 0.1015 62.7445
0.4960 0.1291 623.2287
0.9400 0.2446 838.5220
0.3280 0.0854 959.4231
0.8080 0.2103 352.8475
0.8000 0.2082 568.8129
0.8540 0.2222 10.3203
0.5560 0.1447 117.6979
0.6960 0.1811 379.2999
0.3140 0.0817 438.1585
0.5400 0.1405 446.8965
0.7960 0.2071 637.3172
52 308
159 20
204 102
68 135
288 354
430 232
302 470
294 453
184 426
379 277
395 199
410 350
17 194
80 490
350 340
416 309
143 457
78 474
348 402
344 283
453 288
48 245
310 157
144 442
107 78
399 286
159 431
405 158
420 32
5 255
297 213
275 109
409 262
369 433
452 204
401 210
266 343
403 467
436 270
4 61
324 40
269 367
98 276
355 163
248 88
43 493
456 49
303 62
87 222
385 206
412 345
470 318
369 468
92 81
371 138
439 1
76 346
257 309
192 459
347 208
209 251
177 182
373 198
301 305
89 326
441 357
123 495
298 118
335 126
424 66
496 401
466 243
383 142
157 290
384 451
110 65
209 26
101 404
223 65
444 220
394 293
316 260
46 189
73 118
488 251
406 435
217 320
233 363
330 313
121 403
197 58
44 296
17 241
45 41
469 4
278 456
498 187
477 321
366 235
2 484
97 342
90 362
473 355
203 412
136 112
374 310
432 443
446 125
375 128
115 460
460 146
457 490
33 166
39 248
454 422
482 479
500 333
15 279
129 486
104 101
174 229
336 334
405 239
193 161
93 56
356 386
322 133
18 295
240 407
390 10
368 247
480 105
345 158
233 72
175 499
364 225
411 131
171 475
69 94
464 229
53 408
222 489
321 258
237 38
22 143
13 415
352 2
274 378
441 60
122 463
467 259
498 447
69 111
16 62
231 18
245 393
146 306
31 443
418 154
151 331
270 445
466 51
499 389
478 164
175 464
253 500
178 91
444 299
219 272
9 219
192 79
440 388
149 14
155 186
105 442
200 56
376 126
182 435
297 41
395 54
124 152
71 366
471 96
337 224
47 168
336 465
258 73
315 89
150 400
294 100
463 315
477 117
176 212
333 462
425 168
128 434
317 413
113 85
352 179
491 52
450 160
36 210
170 12
3 381
481 85
228 300
415 93
374 152
64 387
12 360
256 257
311 28
409 334
153 448
481 188
353 469
473 205
63 67
145 356
130 160
66 201
394 10
142 239
185 84
75 202
40 30
312 283
325 29
109 16
357 165
286 173
376 70
319 482
427 84
154 103
216 59
359 281
95 134
244 119
370 346
123 417
264 304
329 148
480 139
285 8
74 497
177 156
211 132
277 213
24 256
7 185
468 263
91 200
392 279
408 74
196 419
371 80
112 365
88 133
496 156
37 207
188 27
451 113
361 211
391 338
284 434
184 285
317 332
11 189
494 439
19 169
100 265
172 483
138 255
396 353
425 103
147 166
34 153
433 151
291 183
429 141
165 137
489 343
281 81
424 205
172 328
60 32
299 207
493 8
404 234
215 217
55 302
190 7
318 170
472 478
137 437
476 383
145 218
458 259
82 311
465 5
226 42
313 35
55 20
79 63
379 491
186 484
335 492
176 27
296 487
303 187
13 59
190 232
362 385
195 206
338 367
58 275
243 108
252 180
242 319
48 462
9 6
68 15
268 148
289 194
290 202
212 98
488 398
227 203
308 130
162 426
276 23
323 86
230 454
363 269
391 384
267 411
38 461
167 116
479 116
171 46
396 416
111 377
114 35
1 43
347 64
264 349
237 263
82 220
380 94
400 323
72 476
99 284
329 196
221 268
349 141
361 340
378 241
393 199
92 337
320 390
307 164
75 77
102 397
6 139
169 474
389 485
23 364
147 497
280 236
26 236
260 127
163 327
14 131
50 42
230 140
254 273
432 161
280 427
342 25
293 324
450 31
262 452
90 119
136 140
381 242
472 44
273 19
399 459
298 423
3 150
295 193
437 282
486 234
173 179
34 387
107 377
198 174
181 358
292 167
30 351
191 240
218 106
414 380
238 178
50 22
225 291
312 475
446 29
67 53
485 406
494 253
402 365
228 181
420 272
422 375
448 238
339 440
282 36
421 360
436 261
183 249
155 117
70 214
455 287
226 410
305 341
254 458
227 397
127 344
49 247
249 471
492 110
120 382
300 197
252 149
428 223
372 449
28 348
428 431
214 447
83 445
104 57
195 122
359 121
95 330
135 129
115 267
266 461
11 216
370 332
417 430
224 235
392 358
250 162
307 314
449 24
261 208
25 292
341 372
407 244
108 386
339 86
274 83
71 77
106 354
287 132
61 33
278 316
271 231
120 326
495 414
322 180
455 246
421 125
39 57
265 423
483 99
289 429
438 51
134 306
368 47
331 325
201 76
271 21
398 250
328 327
97 215
301 351
191 413
96 87
438 54
373 246
382 114
37 304
388 144
221 487
21 314
124 45
