500 1200 3 291 171
39.7869 520.3961
0.0923 0.2997 239.1929
0.9357 1.8469 979.6329
0.7226 1.9226 620.5122
0.8871 1.9221 846.5313
0.7591 1.8880 263.5955
0.4953 1.0369 742.1782
0.2603 0.6893 516.9729
0.4626 1.2615 223.9143
0.7760 0.0624 59.0449
0.6311 0.3854 581.3500
0.0623 1.3817 190.9343
0.1453 0.1546 859.4002
0.9957 0.2508 749.5841
0.5291 1.4670 901.1632
0.2998 0.5927 41.0168
0.1159 1.2873 946.2029
0.7507 0.4480 987.0574
0.4269 0.1440 132.5987
0.4388 0.4348 383.7360
0.1310 0.0387 14.9653
0.7555 1.8888 805.7871
0.1737 1.8634 105.7236
0.4474 0.6150 509.3627
0.7610 1.4668 30.6978
0.3716 0.5364 178.5852
0.4727 1.4727 923.6063
0.5773 1.5812 43.8158
0.6409 0.5162 931.5724
0.0414 1.5353 606.1834
0.7882 1.1567 798.7620
0.4167 1.6623 419.6058
0.6658 0.6616 46.6400
0.6424 1.7513 839.2007
0.1852 0.2817 982.4787
0.9542 1.1209 170.2663
0.4798 0.4745 508.8939
0.7035 0.3382 537.9840
0.2946 1.5594 209.2139
0.4782 0.9044 453.5404
0.6393 1.4323 273.6973
0.0375 0.1972 821.8512
0.2807 1.4835 415.8242
0.3813 0.9055 538.3812
0.8548 1.8606 524.7789
0.1421 0.3465 721.8095
0.5076 0.6628 311.1184
0.3543 0.8819 691.6509
0.1264 0.4365 569.6481
0.5435 0.9033 566.2402
0.6771 0.5900 62.0785
0.5028 1.6899 967.1450
0.5780 1.3541 702.9683
0.8013 1.4227 545.1263
0.5359 0.4893 798.6091
0.9005 1.8315 542.3451
0.4542 0.6561 946.4042
0.0745 0.5419 881.9417
0.9090 1.9258 222.2002
0.2923 1.2248 33.5474
0.0270 1.7739 100.3714
0.3851 0.1210 760.4153
0.5583 1.4408 891.3381
0.1392 0.1738 309.8864
0.1505 0.1542 452.3660
0.7909 1.8220 172.3010
0.8413 1.4790 872.6182
0.0995 0.2702 888.2794
0.8036 1.5628 624.4439
0.5556 1.4001 938.1990
0.8840 0.5231 492.7305
0.7526 0.5984 323.0522
0.5574 0.6811 121.9324
0.5258 0.2941 151.5131
0.6637 1.6691 278.8858
0.8631 1.9838 960.3604
0.5418 1.4966 392.3843
0.3847 0.5927 145.1395
0.8432 0.5628 844.1682
0.4623 1.9599 813.2106
0.9100 1.1726 778.4080
0.5694 1.8131 36.1142
0.2107 0.3975 256.7424
0.4608 0.2293 797.0733
0.2200 1.1508 720.1005
0.0056 0.5006 86.9217
0.6002 0.4771 758.7145
0.5371 0.5987 866.2561
0.8475 0.2651 12.4795
0.3033 0.6480 156.6043
0.7511 0.2233 420.0843
0.1733 1.9412 40.4662
0.3029 1.9173 868.4906
0.2786 1.0858 140.2749
0.9379 0.8379 618.5919
0.7509 1.6209 300.9624
0.1457 1.4991 830.2543
0.5295 0.2179 408.2042
0.9633 1.2155 587.5336
0.9619 1.3335 372.2154
0.1130 1.7820 205.8378
0.4352 1.3728 658.1112
0.2448 0.9540 508.5310
0.9220 1.5394 355.9740
0.5540 1.9246 896.0382
0.7946 0.9066 145.3633
0.8913 0.1058 107.9029
0.7020 0.1437 240.9757
0.1426 1.3781 411.5737
0.0170 0.4436 174.6259
0.4633 1.8876 493.7634
0.4641 0.7491 611.8281
0.2093 0.3415 676.5513
0.5997 0.6998 2.1002
0.5502 0.6791 92.9044
0.8715 1.8317 301.3641
0.0207 1.9951 762.6628
0.2752 0.8377 541.5686
0.4917 0.6150 109.8970
0.3124 0.2225 682.3472
0.4648 1.3194 863.3195
0.0631 0.0872 844.8531
0.4794 0.3786 622.7857
0.9637 0.1595 675.5018
0.0965 1.4468 128.7650
0.4647 1.6349 807.3633
0.5791 1.0702 146.4485
0.4233 1.6678 981.4714
0.1048 1.9900 513.6006
0.7806 0.9010 139.6338
0.8005 0.8532 562.1096
0.6115 0.1954 786.9083
0.8627 1.2323 809.2435
0.4112 1.2980 949.2407
0.5406 0.8393 662.3972
0.0392 1.5177 290.2142
0.2041 1.3516 850.9111
0.0518 0.2414 401.8966
0.7075 1.1082 653.1302
0.5561 1.9283 722.6157
0.2947 0.4396 113.1749
0.8035 1.3167 249.1583
0.8318 0.6364 370.2112
0.0867 1.2103 956.7066
0.3564 0.6335 14.0711
0.3409 1.3241 12.4990
0.1322 1.7519 347.8216
0.7139 0.7881 511.3242
0.2065 1.3007 92.3548
0.8941 1.4228 867.4345
0.6377 1.7080 555.0518
0.2597 0.9823 711.6276
0.0306 0.0984 896.1158
0.6682 1.9316 579.8157
0.9241 1.0843 846.2021
0.9393 0.2335 688.2356
0.7813 1.6373 122.0869
0.1263 0.6560 54.4321
0.1427 0.2071 418.3949
0.5938 1.3845 199.7664
0.0840 1.5029 483.5406
0.3835 0.8617 797.4102
0.1422 0.1596 179.4254
0.5634 0.0271 438.7149
0.9793 1.7431 414.2034
0.1250 0.7537 930.0911
0.1212 1.9573 630.9229
0.2178 0.0744 278.9382
0.9210 1.0650 452.8055
0.8330 1.4392 8.1533
0.1246 0.2081 570.5711
0.2102 0.8629 928.1181
0.4818 0.8445 188.1672
0.9138 0.7450 454.1084
0.0334 0.9771 488.6390
0.8359 1.9387 65.9059
0.2568 1.1134 97.9510
0.6104 1.0148 399.6927
0.0081 0.1607 506.6143
0.8330 1.5323 507.7868
0.9895 1.1920 485.6261
0.5383 0.3406 138.3216
0.0037 0.1119 458.6481
0.0416 1.5723 652.1063
0.9194 1.1769 908.7868
0.3115 0.7118 293.0258
0.2401 1.3830 452.5320
0.6152 1.3510 350.8450
0.3717 1.5658 117.7115
0.2054 1.7951 983.7497
0.6009 0.6284 721.7897
0.1576 1.2092 973.4740
0.0133 1.0845 557.8726
0.8933 1.3069 611.3120
0.9539 1.4321 222.1942
0.2580 1.6224 359.4319
0.3435 1.3429 454.2126
0.0516 0.4856 195.4990
0.1059 1.7266 733.4150
0.8206 0.6429 782.8758
0.3104 1.2691 561.6201
0.5802 0.4151 163.7259
0.4025 0.2330 157.5410
0.2808 0.0516 76.6302
0.2491 0.7822 214.3150
0.2090 0.6286 678.7353
0.3280 1.7432 315.2931
0.6892 0.8605 701.0099
0.4596 0.0290 679.0382
0.9456 0.3431 418.3954
0.8441 1.9274 512.6207
0.3848 1.7995 603.1157
0.0059 1.6363 231.4906
0.1071 1.1419 917.0211
0.5630 1.9940 585.6934
0.7656 1.9560 593.7846
0.8641 1.7584 645.2504
0.1839 0.1021 708.4144
0.0253 0.3333 435.4827
0.5719 1.1631 260.8514
0.3940 1.9839 868.1530
0.5230 0.0457 934.2790
0.9101 1.3256 973.6467
0.8382 1.1623 252.4669
0.9772 1.2381 397.8747
0.1798 1.7266 396.2888
0.4810 0.2567 585.7058
0.4489 0.1181 190.5854
0.0718 0.0451 663.0929
0.1942 0.7775 68.7520
0.8412 0.3173 193.2269
0.9345 0.0255 503.9565
0.9995 0.4985 129.0938
0.0297 0.2523 15.0209
0.6885 1.5617 464.5825
0.5681 1.3063 337.6827
0.9054 1.1725 70.5361
0.2717 1.1364 997.9485
0.1645 1.6213 628.0754
0.9597 1.1063 981.9835
0.5363 0.7251 690.2141
0.4748 0.5010 782.9431
0.1161 1.0477 998.3327
0.1073 0.2399 357.1418
0.0199 0.6818 339.2817
0.9941 1.6868 257.6856
0.2333 0.4340 446.3404
0.7208 0.2991 622.0813
0.3285 0.9087 709.7224
0.5637 0.6118 292.9176
0.9465 1.9850 418.4328
0.0748 0.5391 809.4967
0.4116 0.2388 787.1082
0.4826 0.0172 902.8348
0.8240 0.0819 55.6241
0.9876 1.9468 376.0285
0.1083 1.7645 244.8873
0.5856 0.2682 720.0173
0.4823 1.0114 842.1480
0.5290 0.4711 375.6209
0.2406 1.6632 489.4839
0.5223 1.3177 948.3017
0.1620 1.1694 202.9186
0.6689 1.7120 166.7135
0.1641 1.3140 552.2103
0.8222 0.6635 792.5182
0.6276 0.3372 809.3107
0.0431 0.0576 456.3679
0.6937 1.7945 672.3444
0.8154 1.1965 70.9798
0.7577 1.0169 289.5201
0.3288 1.3201 936.2252
0.3105 1.6679 560.3368
0.9915 1.6464 963.9109
0.7633 0.6103 760.1102
0.2250 1.4806 120.8327
0.8308 0.6869 791.6395
0.5721 1.9717 812.9620
0.7239 1.8567 188.1443
0.1992 0.7295 214.5089
0.9550 1.6973 747.5631
0.3131 0.5767 106.8048
0.0990 1.8768 574.1463
0.5123 0.5701 312.1188
0.5548 0.2987 16.2960
0.8932 0.5169 241.0000
0.1020 1.9515 649.2247
0.8705 0.8483 390.0362
0.9501 1.7084 251.5995
0.4340 0.8876 199.4608
0.0299 0.4161 691.8946
0.1621 1.0977 999.1599
0.1976 0.1609 576.4857
0.3306 0.4531 263.7557
0.9577 0.9547 719.1611
0.6385 0.9383 126.6822
0.0926 1.8432 686.6516
0.1689 1.7601 373.6815
0.5368 0.3815 347.9682
0.8874 0.9821 486.7965
0.4097 1.6513 189.4553
0.1464 1.4234 996.2073
0.3631 0.9017 143.8018
0.9290 1.4273 100.4036
0.8282 0.0119 647.6579
0.7893 1.6147 113.7310
0.0941 0.0848 83.4916
0.4395 0.8997 385.3178
0.6193 1.6043 576.8977
0.2067 1.8953 818.7458
0.0267 1.3816 949.0587
0.8496 1.9772 494.4823
0.9900 0.1126 237.1608
0.9439 0.3492 491.3785
0.1261 0.0353 236.4843
0.2548 0.3789 293.7216
0.4856 0.2093 539.0715
0.3801 1.1156 791.1709
0.2165 1.7549 742.6920
0.1718 0.8338 802.6544
0.0044 0.4045 302.2086
0.1860 0.9141 705.3006
0.4742 0.7215 365.8927
0.7641 1.9169 407.1944
0.4830 0.9619 496.4589
0.2246 1.4153 352.0456
0.1789 0.4092 17.3039
0.3592 0.2128 183.1225
0.3059 0.5317 313.3830
0.9387 1.5878 383.5280
0.4035 1.3984 892.0692
0.9214 1.2391 206.2074
0.9885 1.7395 409.9017
0.7219 0.0852 362.5584
0.2256 1.0571 142.6836
0.5088 0.4226 39.7479
0.6117 0.1343 486.2254
0.8867 0.7417 883.9919
0.5312 1.1285 337.5642
0.4592 1.0515 150.9780
0.0554 0.7688 324.1762
0.0522 0.8857 387.4096
0.3959 1.2043 293.3057
0.1127 1.4921 753.0818
0.7389 1.2226 913.2494
0.7828 1.7873 219.3553
0.7906 0.7632 639.8613
0.2140 1.6393 621.6117
0.3621 1.6124 314.4710
0.4574 1.0999 860.2281
0.1855 0.4303 464.4776
0.6213 1.9726 407.3174
0.3253 1.9532 398.5199
0.5759 0.3548 304.4475
0.3235 0.6703 257.7448
0.2473 0.8127 201.9495
0.7019 1.3447 881.1522
0.7615 0.6142 132.1599
0.6779 1.3467 992.6739
0.1335 1.4613 341.2574
0.2588 0.8323 210.6120
0.6588 0.3930 962.1034
0.3247 1.6851 707.9768
0.7307 1.7284 364.5730
0.3863 0.1402 762.2101
0.4149 1.3269 270.7926
0.7785 1.3125 147.6307
0.2167 1.7345 669.1612
0.6562 0.6830 850.0960
0.5953 1.6328 883.7570
0.7678 0.2044 793.5718
0.5608 0.2495 235.9176
0.5371 1.6941 225.1661
0.3862 1.1329 280.8123
0.1304 1.1705 47.4917
0.3562 1.6103 313.1071
0.2320 0.7459 476.2145
0.6091 0.2200 651.8096
0.2817 1.3914 757.9874
0.0904 0.9685 571.8155
0.3206 0.5764 437.7962
0.6900 1.7901 466.7249
0.7534 1.1028 792.4936
0.9480 0.9964 540.4611
0.0430 0.1691 258.8152
0.1022 1.2158 169.8490
0.5213 0.9819 810.8737
0.5165 0.8103 137.2687
0.8694 1.9137 974.8133
0.1132 1.0091 72.5509
0.0187 1.1775 731.3538
0.6406 1.3772 314.3754
0.9241 0.4187 753.8900
0.9718 0.6409 205.2225
0.2823 0.3761 60.4392
0.7333 0.3900 986.9512
0.9423 1.1178 768.6574
0.6031 1.8200 925.6176
0.2718 1.2094 782.9280
0.8632 1.4231 303.6785
0.6328 0.7795 418.8803
0.3481 1.9435 250.1553
0.2655 0.9277 832.7233
0.9148 1.4069 493.0828
0.7725 1.8969 43.1826
0.6919 0.9015 485.8174
0.7733 0.1349 146.3289
0.2167 0.4791 341.2362
0.2735 0.2003 678.8540
0.2521 1.0505 615.7962
0.3058 1.4976 976.3040
0.9480 1.7404 779.1962
0.0319 0.7323 991.9977
0.0005 1.4898 260.5255
0.0875 1.2959 430.0736
0.8324 1.7584 592.4177
0.7739 1.3953 657.1346
0.1866 1.4848 337.1150
0.5525 0.4720 431.8830
0.3541 0.0244 976.6473
0.1219 1.1208 438.3285
0.0271 0.4585 288.7513
0.1601 0.8811 151.3585
0.8353 0.0417 546.9493
0.9682 0.6416 681.1476
0.4424 0.7342 587.5046
0.3244 1.4926 218.7624
0.5193 1.3722 152.9875
0.6267 0.9231 966.2709
0.9288 1.2989 721.0672
0.8312 1.0339 516.0999
0.6883 0.4206 644.6898
0.5658 1.6584 196.9821
0.8671 1.7876 583.8859
0.3791 0.1813 173.8321
0.0152 0.5029 266.9111
0.9792 0.4717 83.8338
0.8587 1.7849 645.4333
0.1193 1.9194 15.4557
0.4595 0.1086 992.9158
0.1811 1.0372 227.9836
0.5525 1.3367 795.3947
0.5739 1.2277 99.3800
0.6983 0.4063 629.0975
0.1687 1.4886 447.1691
0.3857 1.8862 938.0593
0.8737 0.2455 367.7534
0.7342 1.4106 839.9578
0.7551 0.6919 634.1061
0.8713 0.7076 352.3042
0.8219 1.7801 944.8444
0.8775 1.3547 804.4754
0.5236 1.5163 857.3534
0.2369 1.1848 695.9843
0.6572 1.3356 567.0971
0.7963 1.6459 997.6632
0.3510 0.1926 491.1213
0.5529 0.9624 81.3408
0.6970 1.8247 405.8452
0.1429 1.0628 454.9352
0.9677 0.5721 46.4179
0.4675 1.5805 841.3560
0.2389 1.7846 594.4458
0.2239 1.1311 183.1745
0.4444 0.5674 24.2148
0.2420 0.6328 392.3262
0.8733 0.0717 716.9645
0.5533 0.4669 711.0735
0.5048 1.0005 79.2895
0.3804 1.9700 395.7184
0.5522 0.6714 583.0487
0.6011 0.0951 857.6167
0.8726 0.9061 550.3763
0.5278 0.9737 510.9644
0.7705 1.3666 703.9197
0.2377 0.3132 551.5394
0.3166 0.6017 756.5910
0.1769 1.3810 770.1891
0.6120 1.0061 430.2618
0.9772 0.9502 309.2119
0.4696 1.1164 86.7088
0.4719 1.1242 653.8978
0.1886 1.1108 644.0644
0.3613 1.5429 299.4058
0.5732 1.4563 939.8667
0.0357 0.0553 375.3511
0.4928 0.4305 95.0727
0.7888 0.7932 86.3301
0.5788 1.0624 911.7218
0.0607 1.4436 479.0154
0.0171 1.7026 272.6006
0.1332 0.2650 62.8425
0.3362 0.6846 418.2091
0.6092 0.8683 749.4010
0.6254 0.5542 232.2606
0.1866 1.0336 854.9230
0.9361 1.9144 534.2565
0.8264 1.0758 326.3346
0.4865 1.3570 774.8268
0.4761 1.7108 286.8011
0.7840 1.9757 456.5791
147 370
251 165
277 118
216 5
463 93
277 9
278 277
67 64
277 67
241 425
130 254
155 277
493 400
248 488
45 48
434 327
440 29
277 78
448 400
446 9
422 102
30 177
138 177
287 129
188 300
299 277
281 15
419 57
366 53
141 468
421 20
468 43
36 241
248 349
111 283
338 391
277 86
266 336
210 98
472 13
184 194
277 138
376 475
236 277
289 307
131 471
351 277
459 29
180 273
128 277
386 478
115 429
114 277
98 396
426 348
3 404
477 277
6 338
161 307
5 21
277 110
277 116
195 277
464 77
354 89
88 277
307 134
226 77
83 492
482 189
215 175
421 277
26 101
131 249
277 293
115 323
409 262
277 24
438 277
431 277
291 374
28 387
446 449
176 277
352 438
277 240
22 489
465 277
307 322
302 468
266 470
161 77
349 317
142 346
277 45
387 50
196 139
405 295
277 82
447 474
277 133
92 309
8 101
173 106
31 196
198 414
277 137
261 349
20 277
271 426
102 384
277 418
170 277
378 186
297 482
277 352
215 239
355 277
169 386
387 247
339 235
380 252
130 313
130 337
112 350
116 320
267 102
20 384
277 276
455 53
249 470
497 184
319 171
49 39
130 405
7 277
32 134
461 365
152 277
277 27
481 480
433 403
497 80
401 277
500 312
74 234
277 335
223 433
140 227
229 48
71 357
58 277
165 171
86 131
405 254
174 389
24 363
307 39
326 408
26 8
277 320
258 179
212 277
277 124
307 47
75 277
196 277
362 38
277 300
33 187
339 6
472 393
372 26
475 82
324 141
83 277
172 307
274 71
425 161
89 185
493 134
374 160
478 429
409 191
168 430
469 174
485 277
139 373
394 277
113 28
478 331
277 218
167 217
151 409
279 34
354 277
221 328
381 277
497 277
381 356
277 73
23 36
277 230
309 489
109 277
340 197
87 131
47 324
160 277
495 242
369 62
429 44
14 452
292 45
235 480
93 317
339 338
67 63
15 328
277 247
277 375
339 480
171 157
411 277
47 185
123 231
304 155
124 374
325 211
246 119
349 498
372 277
277 377
388 98
277 90
79 401
277 318
277 353
277 66
403 177
387 113
277 178
447 356
420 92
199 370
224 239
146 160
174 151
277 313
122 277
188 277
163 226
430 224
161 464
271 317
277 191
219 358
420 143
451 277
341 412
109 244
149 451
448 274
187 234
248 279
199 277
270 386
482 124
500 277
12 277
206 325
293 354
131 46
47 394
277 345
223 132
316 226
50 247
145 188
34 229
356 358
277 424
277 68
151 242
103 3
364 277
319 251
277 469
320 413
277 119
80 277
402 102
140 277
94 105
232 277
477 237
456 47
213 11
374 385
140 18
277 373
15 354
183 277
164 277
277 298
55 194
61 407
464 97
198 291
430 99
239 180
234 40
84 93
42 38
440 334
204 488
471 86
200 410
31 277
216 193
277 260
211 362
97 277
342 277
311 277
380 354
124 297
277 399
158 277
318 191
191 445
11 29
391 234
394 140
110 275
460 424
492 144
366 455
490 390
277 169
277 316
38 277
455 344
180 270
4 98
233 277
339 349
93 409
456 277
324 169
106 313
416 156
435 341
420 213
264 93
288 277
277 403
484 481
496 277
467 46
277 104
488 468
1 165
99 411
494 72
82 61
274 277
277 281
1 170
173 130
44 277
125 277
267 277
347 417
179 141
26 51
205 61
54 46
254 392
85 267
277 308
277 74
279 171
323 277
428 487
127 139
199 230
411 288
440 420
442 187
339 258
203 57
397 480
224 168
15 277
277 363
277 292
40 74
123 277
15 476
395 134
378 410
371 284
235 150
98 175
52 441
277 112
54 283
277 413
73 486
322 46
25 83
309 11
283 277
25 77
389 91
69 369
482 16
318 359
469 413
109 220
61 475
472 295
217 57
162 1
457 295
283 322
63 64
181 425
94 424
57 422
142 265
99 288
430 98
224 98
158 292
377 46
256 198
382 149
190 494
277 444
349 369
302 47
128 178
277 211
459 440
79 242
420 459
187 277
14 349
220 121
102 218
253 34
294 457
29 135
164 332
152 341
277 338
174 413
77 144
277 18
35 224
247 134
178 85
287 304
294 13
174 192
26 120
179 126
153 149
29 277
472 312
277 65
266 277
255 232
474 156
80 194
473 457
298 307
157 45
36 277
277 315
340 102
125 342
239 273
426 483
102 57
277 179
394 18
425 289
277 70
268 381
472 94
349 133
340 277
400 368
57 340
245 383
203 251
346 487
102 152
497 236
101 461
69 349
378 272
311 312
321 102
126 474
365 101
277 269
277 408
463 409
235 338
219 6
322 114
46 114
473 245
1 277
304 423
95 277
463 84
496 332
111 118
407 277
277 417
277 162
465 407
277 190
339 248
242 29
270 430
106 277
388 277
489 92
497 288
277 250
277 146
163 316
165 170
277 166
3 277
420 100
312 436
331 497
273 164
306 290
381 447
187 391
277 172
317 373
447 24
107 277
186 59
277 17
138 415
167 137
277 239
68 53
40 187
107 90
277 159
142 487
264 84
317 200
373 145
353 46
277 371
103 277
30 269
112 376
341 228
370 277
235 308
28 443
353 257
324 457
235 52
385 198
465 246
210 175
474 6
271 483
422 321
14 277
354 47
326 117
85 320
172 190
424 105
64 277
362 42
131 277
328 202
23 161
1 243
465 302
299 255
385 414
132 177
200 271
136 325
162 251
305 277
277 361
407 246
277 483
112 204
277 302
277 200
323 429
388 99
94 277
27 76
116 182
324 473
24 95
215 4
277 33
261 62
47 43
399 169
173 129
214 492
422 319
249 336
81 120
344 366
378 38
239 168
360 279
334 409
258 488
12 251
160 385
75 123
479 255
419 277
212 490
314 277
47 468
171 402
415 269
170 63
95 363
256 277
435 244
277 51
277 350
478 277
7 47
223 277
280 277
34 277
190 28
277 181
125 330
219 454
18 227
244 228
399 66
460 129
482 277
401 296
41 277
298 118
181 335
143 100
423 155
303 177
492 77
122 77
117 112
319 402
24 156
300 145
481 277
285 446
499 277
9 254
71 90
277 253
351 75
277 479
46 201
240 72
135 277
431 28
359 409
500 311
12 203
330 342
102 319
277 446
277 25
208 279
129 209
494 172
488 279
137 197
57 277
396 154
157 292
132 21
445 318
359 191
277 268
311 294
148 110
6 258
229 157
276 70
234 277
373 125
222 277
68 305
44 478
238 108
146 414
166 286
420 334
196 300
488 179
355 326
136 398
81 498
304 460
379 174
46 470
450 277
312 351
67 1
172 114
277 81
249 277
34 45
277 202
308 441
472 436
277 214
42 378
323 44
94 295
6 358
400 207
277 463
287 460
228 109
301 277
118 371
321 57
180 245
152 267
59 317
398 93
277 358
277 141
5 277
215 277
449 405
86 249
164 58
492 380
277 28
277 376
130 129
344 126
294 277
32 277
114 10
334 124
348 200
189 16
355 253
123 436
332 277
373 127
71 277
459 213
416 24
398 317
307 114
75 312
291 143
446 428
378 325
190 361
490 286
298 371
277 130
95 381
135 401
2 98
263 277
197 57
259 283
277 76
225 482
85 379
277 129
277 484
408 117
406 277
70 487
322 54
448 147
450 65
241 56
55 277
237 417
277 194
79 277
323 177
277 21
277 84
331 386
225 189
309 277
469 192
149 132
101 51
499 125
277 93
291 420
96 367
277 198
366 474
487 276
450 138
277 150
15 221
277 255
318 462
400 395
297 277
466 304
216 132
357 448
384 314
494 277
367 238
29 309
329 277
388 430
73 335
145 317
275 325
277 306
261 369
325 398
277 365
33 235
473 294
277 221
277 96
102 306
57 137
60 91
405 392
450 415
149 277
475 204
155 466
337 277
421 290
277 120
62 277
325 277
156 277
400 90
275 195
72 277
204 465
177 223
135 296
477 347
142 88
202 281
277 100
11 489
345 399
123 393
157 170
240 172
277 383
358 454
474 305
305 53
120 498
260 417
341 277
162 12
205 204
282 277
159 235
327 394
355 279
93 453
443 247
424 304
134 387
35 430
257 277
373 349
495 440
277 439
46 418
202 221
38 211
151 91
6 356
277 333
46 249
277 348
49 493
412 277
470 336
395 277
302 456
397 277
39 493
461 277
102 412
89 277
277 452
277 193
136 275
443 277
434 47
421 306
292 491
451 269
413 116
89 15
223 193
482 343
488 141
277 99
163 277
180 168
252 354
260 110
410 277
277 225
486 241
375 200
474 356
67 243
386 245
406 333
67 170
2 388
155 287
277 91
241 73
277 470
277 243
21 216
147 400
396 35
325 186
165 319
288 270
113 443
5 193
151 93
442 235
167 57
478 177
396 224
457 13
46 277
120 8
277 143
327 277
13 312
379 102
277 220
303 277
277 167
277 441
277 490
210 388
277 217
22 92
19 226
484 369
324 307
289 161
390 174
488 117
284 277
380 161
241 277
78 199
254 449
245 277
474 277
231 75
427 14
10 277
170 64
229 171
310 277
492 277
277 458
277 393
182 413
360 488
108 463
496 164
485 85
37 277
103 177
56 335
277 185
49 428
119 465
277 60
265 78
344 474
277 285
277 206
421 102
400 107
80 236
277 201
277 273
179 344
295 130
210 215
228 277
85 174
129 106
282 242
153 277
57 251
201 377
279 253
233 102
307 428
171 170
412 220
77 277
359 277
414 277
141 43
456 7
464 122
378 317
341 121
134 172
443 431
222 177
326 488
349 279
406 370
445 462
277 455
234 338
398 148
397 481
172 10
291 256
142 428
189 277
277 467
188 483
157 491
133 365
426 200
486 56
176 453
141 47
465 315
494 240
349 365
277 331
302 488
329 478
277 471
420 11
307 457
139 277
85 128
357 400
277 40
495 409
367 277
368 395
2 210
277 344
325 195
498 277
128 485
277 369
457 405
115 177
267 379
151 102
330 373
237 260
326 277
14 261
425 335
277 61
350 408
279 229
227 277
425 298
307 493
48 34
454 338
433 277
404 277
440 409
91 438
407 204
239 4
277 192
277 454
277 304
305 366
254 277
277 476
320 174
203 277
118 283
451 30
277 389
242 277
173 313
367 108
277 26
277 47
49 207
474 24
102 317
249 87
120 372
277 434
481 69
212 192
453 237
282 310
382 177
183 29
277 437
50 134
37 247
142 207
465 364
41 314
358 381
336 277
349 480
124 409
102 349
242 438
57 319
172 387
93 237
279 402
36 464
277 445
385 291
277 380
277 252
359 367
132 193
154 98
195 206
19 163
311 13
186 398
497 270
490 166
378 277
214 83
409 238
355 488
425 23
142 277
129 155
54 277
277 432
154 35
16 277
423 277
338 219
158 170
92 277
277 347
73 56
439 140
262 482
325 272
277 259
76 14
210 277
407 205
