500 1400 2 23 335
254.3695 129.1911
0.7586 1.0745 436.9462
0.5695 1.3766 543.3040
0.5182 0.0566 760.5905
0.6896 0.2292 999.5710
0.5623 0.5374 889.3552
0.4194 0.1545 450.2509
0.4267 1.8651 204.5175
0.8690 0.3343 258.6964
0.2548 1.6624 768.4776
0.8324 1.2782 168.1555
0.0768 1.3500 460.1760
0.2681 0.2275 372.9028
0.0125 0.0812 866.3581
0.4271 0.2918 817.4127
0.3454 1.8820 617.1374
0.1459 0.5010 474.7706
0.9587 1.9898 326.9545
0.6220 0.7539 652.8144
0.0771 1.5012 14.3684
0.0527 1.2736 707.9402
0.3053 0.1737 839.1116
0.2609 0.4344 97.8964
0.4792 1.7798 216.5880
0.8994 0.5855 184.9156
0.0599 1.4677 183.2149
0.2120 1.4270 471.8146
0.0605 1.5859 549.9916
0.5736 1.7942 153.5994
0.4348 0.6945 458.7661
0.8293 1.3777 656.1633
0.0767 0.8843 875.2591
0.6814 0.5969 371.9073
0.2433 1.7929 491.9696
0.9645 1.5953 701.3837
0.7567 1.5606 412.8869
0.5983 1.6315 285.5749
0.0721 0.8704 291.1336
0.6443 0.7668 848.8215
0.1512 1.6205 39.7249
0.4533 1.3662 548.4904
0.9975 0.1042 642.1861
0.9008 0.1544 495.2880
0.8111 1.4669 116.6620
0.6624 1.8114 437.7746
0.3967 0.6949 261.8866
0.8323 0.1431 478.1330
0.6590 1.6068 9.6706
0.3887 1.0489 924.9728
0.2598 1.2983 13.2396
0.8988 1.9128 785.0016
0.6954 0.5746 81.9086
0.1259 0.2610 309.9789
0.9581 1.9293 226.8486
0.3429 0.8043 828.4561
0.5476 0.6649 595.8484
0.0035 1.7112 742.5322
0.3458 0.3401 853.4095
0.2806 1.0729 646.4395
0.8580 0.2148 963.1356
0.7632 0.6201 469.0787
0.3941 0.1474 105.3403
0.9945 1.6337 910.3273
0.5550 1.5960 382.4448
0.0020 1.2380 641.1291
0.7265 1.9580 312.8953
0.7690 0.1767 784.0843
0.4583 1.5204 198.5565
0.2472 0.6994 168.2618
0.6725 1.3461 740.9935
0.8402 1.7017 380.8852
0.5137 0.6300 346.2488
0.4824 1.3490 806.1179
0.7528 0.2955 9.3453
0.6190 0.2855 747.3959
0.0078 0.6928 561.1995
0.4743 1.8583 319.1506
0.5455 1.0959 117.0870
0.4787 0.3713 894.2442
0.8852 0.0344 623.5969
0.7847 0.3395 311.5261
0.3123 1.0922 699.2300
0.5269 1.9138 111.0374
0.5488 0.8841 119.6835
0.9170 0.9955 229.9125
0.8652 0.6841 16.4449
0.3468 0.0050 257.3940
0.5873 1.4755 674.7412
0.1873 0.7248 943.1692
0.7103 1.7187 230.9546
0.8875 1.6566 135.3618
0.3218 0.9131 656.1800
0.2196 1.4961 362.6689
0.6040 0.3391 922.9593
0.5163 0.5475 718.1305
0.3031 1.0628 768.3166
0.0405 1.3053 296.7706
0.0754 0.0316 249.1304
0.5942 1.9827 825.4579
0.2740 1.4227 820.2764
0.3324 0.4251 528.1563
0.3666 0.4113 178.4969
0.9561 0.6307 120.7441
0.9634 1.3339 69.0846
0.5288 0.7918 63.9139
0.0436 1.6076 194.7230
0.8462 0.7458 222.5815
0.0874 1.9956 139.3711
0.5484 0.4801 698.5261
0.9645 1.8122 682.5395
0.2129 0.3366 331.7798
0.2729 1.3181 529.8923
0.1732 0.4497 806.5300
0.0631 0.0107 618.9227
0.5455 1.1570 272.4126
0.6681 1.2195 638.9583
0.7836 0.4855 205.0700
0.8843 0.8482 255.1631
0.0676 0.9920 680.8184
0.5460 1.8911 313.2535
0.1581 1.9880 520.6488
0.2727 1.2768 300.1227
0.9584 1.5253 550.3596
0.4784 0.0157 565.3552
0.9603 1.6453 441.2139
0.8376 1.4913 324.0806
0.6992 1.0034 935.8913
0.8873 1.6909 873.0953
0.6440 1.5892 924.1342
0.9751 1.1818 547.0393
0.6962 0.8995 588.5483
0.5135 1.5926 378.6222
0.2676 0.3876 593.0291
0.2465 0.8731 780.0854
0.6369 1.5732 49.7263
0.8549 0.9569 699.7624
0.5521 1.6249 874.3674
0.2747 0.7718 568.0958
0.9799 1.6914 253.0092
0.7001 0.1464 931.9526
0.7840 0.0630 776.3920
0.5305 0.9407 523.3524
0.3850 1.1925 672.4597
0.4798 0.0456 61.4251
0.9566 0.4880 665.6255
0.2063 1.9755 414.7028
0.9259 0.4015 542.9587
0.7627 1.7456 270.6516
0.8668 0.5790 31.7886
0.8767 1.4686 925.5001
0.5207 0.8726 955.2305
0.2932 0.2879 355.3307
0.6987 1.7545 686.9066
0.0304 0.9506 956.0835
0.8610 0.5094 575.8671
0.8940 1.3898 805.2158
0.1093 1.7781 542.9297
0.0718 1.5395 378.9879
0.5736 0.0583 612.2268
0.0216 1.4773 868.8305
0.3235 0.6174 541.1282
0.0877 0.2969 203.9863
0.7294 1.3254 697.6995
0.3863 0.7519 910.6052
0.9042 0.8793 458.6383
0.5553 1.5439 179.8173
0.6102 1.4816 938.6723
0.3742 0.3751 895.4913
0.0725 1.9048 972.4055
0.3973 0.0232 214.3144
0.7457 1.9276 939.0959
0.1529 1.0776 482.5451
0.1770 0.5319 186.5011
0.5241 1.4883 37.6099
0.6651 1.7063 853.8111
0.3828 1.9344 304.0808
0.7626 1.3743 405.9054
0.5632 0.5893 847.3688
0.6199 1.1688 670.6994
0.4852 1.9173 907.6055
0.0041 1.8730 114.5004
0.5687 1.8344 197.8696
0.2574 1.4373 48.1304
0.7754 1.8437 761.4339
0.1265 0.1238 275.4002
0.5740 1.9047 602.0680
0.2618 1.4734 541.0828
0.9401 1.7660 525.2519
0.5401 0.8314 960.7231
0.0773 0.1892 476.7876
0.3289 1.9545 99.4538
0.1684 0.4487 590.8692
0.2256 0.6133 364.4914
0.7638 1.1664 860.4913
0.5141 0.7303 366.4357
0.1524 0.6502 32.3179
0.2430 0.5606 900.0884
0.6364 0.7048 560.8286
0.2716 0.0397 180.8474
0.8868 0.5890 770.1897
0.4820 1.0148 738.3974
0.8107 1.7638 631.1343
0.7800 1.3558 946.2127
0.9590 1.6054 677.3406
0.8764 0.7989 870.5036
0.9434 1.9846 69.6301
0.3553 0.2099 365.8530
0.4580 1.6953 818.6943
0.8902 1.4647 89.2973
0.2792 1.8810 626.6343
0.9829 1.6589 910.5273
0.5284 1.8930 701.3963
0.9802 1.3701 848.5757
0.8746 0.4103 386.3604
0.1473 1.6837 669.2369
0.4571 0.1102 150.7881
0.5343 0.7239 846.8654
0.6820 0.9830 294.2774
0.8153 0.6202 762.7616
0.3171 1.9686 435.2719
0.3016 0.6830 626.9579
0.1995 1.1025 934.5273
0.0902 0.1809 369.1735
0.6875 1.0454 657.1919
0.2786 0.7049 863.6930
0.8809 0.4849 102.6409
0.5577 0.0433 238.2923
0.4293 0.8445 961.5799
0.9016 0.0890 237.8629
0.9413 0.0856 916.0288
0.8882 1.5540 195.7621
0.5969 1.9422 860.2742
0.4533 0.8870 746.9981
0.9239 0.5139 131.8953
0.9220 0.2240 247.1511
0.4860 0.7945 390.9731
0.1551 1.1915 323.2179
0.9288 0.2002 844.7895
0.7463 0.1815 329.1376
0.3619 1.8123 542.7835
0.0390 1.4201 989.2159
0.3545 0.6621 664.2346
0.9943 0.3170 38.2654
0.2648 1.8108 430.5603
0.6751 0.4183 126.1804
0.9045 0.6884 315.1624
0.0717 1.4932 242.2631
0.8924 1.1086 474.5388
0.7131 0.9987 196.5521
0.2303 0.0365 967.8746
0.6047 0.0718 244.2590
0.4198 1.5125 96.1005
0.9362 1.7182 977.7007
0.0939 1.2295 369.2317
0.4095 1.9518 325.3378
0.1711 0.6264 975.6657
0.1367 1.5370 853.2700
0.2401 1.0098 699.6154
0.3838 1.0870 362.5644
0.4136 0.9040 982.6785
0.5812 0.0173 258.4156
0.0333 0.5666 101.3931
0.2438 0.1164 714.5787
0.0836 1.7473 138.2364
0.4216 1.6645 383.4569
0.8516 1.2181 737.1523
0.6816 0.6809 195.9943
0.4395 0.1834 831.5559
0.5603 1.8124 324.2983
0.6538 0.7294 130.1929
0.2030 0.9933 577.0068
0.5299 0.8342 570.3152
0.8037 1.6453 329.4417
0.6085 1.3096 149.8434
0.8785 0.9602 763.1720
0.4167 0.9802 993.0869
0.4807 0.7139 282.7485
0.0881 0.3549 884.0593
0.7020 1.0058 5.1733
0.4971 0.0640 628.0174
0.7474 0.9227 73.3057
0.4383 1.5009 792.3635
0.2643 0.0801 535.4578
0.3494 1.4538 3.5753
0.0873 0.6238 377.3095
0.0278 0.3778 954.0891
0.3525 1.9300 730.9587
0.2871 1.3250 219.6555
0.4566 1.3077 68.9138
0.5997 0.4421 981.4881
0.7327 0.1399 236.1726
0.6611 1.4840 533.4492
0.7195 0.0798 877.6897
0.0765 0.8013 109.3395
0.6639 1.3923 661.2891
0.4221 1.7394 951.9828
0.6157 0.3787 623.7506
0.5280 0.7787 74.9020
0.5738 1.5788 655.0844
0.6339 0.1284 725.0176
0.6638 1.2649 422.9445
0.0490 0.4230 166.4628
0.0288 1.8738 980.6022
0.1229 0.3070 712.0157
0.0580 0.1507 411.7519
0.3915 0.5689 817.1869
0.6746 0.7142 727.3627
0.5097 0.8990 570.3717
0.0409 1.5616 537.9719
0.6775 1.6488 5.1853
0.6619 1.3560 839.5089
0.1115 0.0957 666.6599
0.8636 0.2806 319.7147
0.1270 0.2451 693.3113
0.3931 0.2046 679.1410
0.7105 0.9313 747.3901
0.1991 1.6358 662.6142
0.0648 0.9670 567.2945
0.5929 1.8418 26.0315
0.5962 0.0819 496.1514
0.7690 1.5604 239.2669
0.2885 1.3150 624.7171
0.7058 0.5931 550.4679
0.2421 0.2347 676.1913
0.6677 0.0943 514.6597
0.0521 1.8410 316.8979
0.5372 1.8121 441.5421
0.0233 0.2865 902.7380
0.7423 0.9411 612.6380
0.5806 0.2564 738.2700
0.0341 0.3708 33.0328
0.7352 0.1058 480.1553
0.7388 0.7942 329.4878
0.5821 1.0442 578.2984
0.2993 0.0599 254.7475
0.5402 1.6876 350.8192
0.5053 0.6796 889.7086
0.1566 1.0986 685.8851
0.2637 1.8688 76.0292
0.2829 0.4200 808.9277
0.6227 0.9003 326.3497
0.1032 0.8372 679.4864
0.1363 1.7155 374.7773
0.8113 1.7971 223.3263
0.6765 0.1047 237.8754
0.3193 1.9538 989.8482
0.1217 1.2347 39.9155
0.7575 0.4799 488.6415
0.6850 0.6241 903.9754
0.9340 1.7838 478.7884
0.0659 1.6664 610.9350
0.1980 0.5137 924.0670
0.1396 0.0018 202.0916
0.4164 1.1137 339.6504
0.3749 1.2131 505.2588
0.4520 0.5449 727.3012
0.9526 0.1536 212.8761
0.6391 0.1697 977.7461
0.6564 0.3694 969.4090
0.8048 0.6604 198.9010
0.6409 1.8935 586.0067
0.4189 0.7803 301.4932
0.4797 1.3137 654.5479
0.3090 1.9357 190.0568
0.1706 1.9944 329.1140
0.3789 0.3665 684.8502
0.6765 0.0698 738.5192
0.4041 1.8760 253.0590
0.4329 0.0762 113.4025
0.0686 1.4062 94.4331
0.0436 0.0884 461.3279
0.1564 0.5253 215.7259
0.9861 1.1106 505.4553
0.9559 1.1776 323.7070
0.8821 0.4009 91.2609
0.4337 1.7396 348.8130
0.6984 1.6038 149.0329
0.2644 1.3890 733.5709
0.9805 0.5335 987.1223
0.1625 1.4780 663.7164
0.3104 0.5603 2.9762
0.7619 1.8299 157.8268
0.3274 0.3587 788.4567
0.6175 1.1122 62.6153
0.2318 1.6565 459.3068
0.1392 1.1770 84.6275
0.6402 0.3231 946.4997
0.5346 1.4543 239.1516
0.7007 1.2751 502.1821
0.2934 0.1115 462.3336
0.2325 0.8185 181.6765
0.5665 0.6339 46.4930
0.7826 0.9023 396.3346
0.4309 0.0382 412.4910
0.7640 0.8996 453.6905
0.5822 0.2088 272.4318
0.6063 0.4455 492.3988
0.1140 0.3173 90.1835
0.7739 1.3029 607.7979
0.3364 1.3869 134.1506
0.1531 1.8120 998.3010
0.4818 1.9088 381.9199
0.2285 0.2734 372.8361
0.5883 0.6665 580.5674
0.8666 0.0047 692.2117
0.2363 0.3222 507.2310
0.2005 1.7368 478.1772
0.8148 0.5828 609.1415
0.7321 1.2545 284.0744
0.0407 1.4952 245.8415
0.1042 0.9369 773.1360
0.0112 1.6616 359.5051
0.7262 0.5273 871.6761
0.2325 0.1998 656.3998
0.7059 0.6347 986.2491
0.0365 0.5318 915.8210
0.4495 1.1441 72.0977
0.9076 1.9349 279.2365
0.7957 1.5714 903.2798
0.9668 0.2319 850.0090
0.8712 1.7494 780.9420
0.6024 0.2908 214.4413
0.4266 0.0258 857.6720
0.4562 0.8552 599.9353
0.2375 0.3037 687.2958
0.8525 0.1097 483.8797
0.3888 1.8503 431.1888
0.4321 0.9460 839.7956
0.9355 0.9994 492.5775
0.9203 1.2928 6.4546
0.4813 1.6277 895.1731
0.5377 0.5099 662.1349
0.2949 1.7165 8.7489
0.2590 0.2729 569.0820
0.6488 1.5662 144.9471
0.1680 0.2349 693.5603
0.7891 0.2079 189.3021
0.2203 1.5674 709.5246
0.3749 0.6347 878.8524
0.4308 1.9465 984.6555
0.6679 1.4035 617.5222
0.1767 0.8961 671.3949
0.6198 0.5607 997.4486
0.4974 1.3389 682.6284
0.4640 1.1625 648.4120
0.5069 0.2877 909.8155
0.6460 0.2677 976.7162
0.5841 1.9615 680.4948
0.2468 1.2515 405.5476
0.0894 1.7469 254.0513
0.4535 0.4735 472.6833
0.4408 1.1704 515.5808
0.9283 0.2409 661.8602
0.9560 1.4714 130.0464
0.1050 1.4858 371.5590
0.5056 0.3109 573.4796
0.2682 1.4210 661.6111
0.2671 1.0122 552.5653
0.9909 0.6718 247.6075
0.3449 1.4544 176.8101
0.8537 0.0516 369.0266
0.7838 1.3887 241.5793
0.7188 1.4367 601.9562
0.8617 1.3171 613.5283
0.9288 1.5760 321.3966
0.3673 1.1537 461.5839
0.0078 1.8126 565.9294
0.7742 1.3369 346.3620
0.5027 1.1386 573.4516
0.1113 1.0346 972.0843
0.4830 1.5792 768.7793
0.2386 1.9267 910.5573
0.9456 1.6187 160.4230
0.9062 0.7819 517.3159
0.5784 1.5600 880.5181
0.1324 0.5831 272.5712
0.1867 0.6593 673.0904
0.4233 0.2536 409.7868
0.2260 0.5234 750.2376
0.3461 1.0833 602.9545
0.3240 1.2822 341.2003
0.4244 1.7571 716.8471
0.3643 0.7688 931.0999
0.9082 1.0550 672.0128
0.0742 1.9736 802.2966
0.8665 1.4568 365.9366
0.5864 1.7247 400.8231
0.0583 0.2562 57.2222
0.5403 1.6280 636.6535
0.4824 1.0448 496.5040
0.5436 0.6909 792.3576
0.3591 1.5011 595.9016
0.7378 0.9845 689.9100
0.0496 1.5942 657.9387
0.7039 0.3366 102.8123
0.6308 0.2149 832.0232
0.7367 0.5453 889.2971
0.0056 0.5336 486.9293
0.8478 1.1341 163.2352
0.0319 1.1576 110.2069
0.7426 0.9972 975.5176
2 310
56 236
21 4
11 25
349 252
309 179
494 148
415 337
340 382
97 311
288 21
258 479
202 467
306 21
308 97
313 161
430 131
210 46
100 21
425 109
21 474
307 141
341 270
21 238
157 21
390 112
48 457
115 188
235 29
81 58
429 453
47 326
201 125
119 318
311 308
21 108
160 132
69 294
307 150
193 278
269 315
249 283
444 465
447 125
413 410
466 21
237 242
193 162
422 119
356 129
144 428
385 444
7 36
172 476
427 12
343 279
302 21
219 345
140 417
270 284
459 72
211 309
465 153
331 21
115 259
352 21
219 21
405 259
7 434
78 51
281 115
258 353
176 162
488 474
235 104
117 135
10 155
120 21
247 498
349 187
353 468
322 394
258 457
21 459
260 343
294 291
245 193
453 122
63 481
113 409
297 294
136 298
392 1
360 21
154 148
382 21
209 387
147 231
98 70
319 366
246 325
389 363
21 140
294 440
43 418
155 250
290 21
130 403
312 4
21 430
187 252
428 498
215 250
461 393
498 483
400 399
186 399
291 335
299 203
380 241
89 119
227 21
78 21
21 414
113 21
267 21
333 83
377 456
89 152
287 256
251 432
37 161
21 479
71 21
192 68
468 171
349 417
475 323
452 234
363 430
249 9
176 318
115 333
248 315
93 106
138 212
236 466
1 496
21 206
355 101
129 42
171 161
490 355
487 327
155 464
434 134
161 221
326 439
91 21
218 359
314 21
278 490
198 67
17 228
21 364
322 51
202 461
193 164
289 21
69 300
274 74
105 25
305 100
210 21
165 87
34 21
384 249
480 111
468 416
273 115
235 297
21 295
371 489
402 255
167 21
92 288
10 250
119 21
156 379
62 129
423 22
107 21
447 21
76 21
138 228
99 377
147 418
153 330
193 247
482 21
214 262
486 326
206 445
491 9
451 114
436 59
11 246
317 221
337 261
347 106
21 98
114 115
30 193
431 21
115 178
251 338
232 333
354 448
21 215
457 441
291 388
314 24
496 347
193 41
142 466
454 480
27 49
443 72
275 390
232 54
115 83
385 64
151 276
265 203
91 402
120 342
41 372
81 468
35 318
367 136
91 476
226 170
21 434
88 489
391 21
21 63
34 429
396 289
343 226
98 381
102 4
23 291
109 429
306 177
21 183
114 465
417 292
422 21
91 112
377 21
479 397
61 21
125 30
398 30
398 272
454 350
138 139
62 21
321 480
19 49
80 225
405 21
458 237
76 254
21 48
460 344
408 162
362 186
427 424
129 21
274 21
212 193
326 21
250 208
383 333
246 121
474 426
30 272
49 121
446 164
378 247
83 235
21 251
29 438
231 418
52 313
221 171
292 50
473 245
347 244
346 21
66 21
21 190
18 71
220 196
181 309
178 114
45 235
66 237
452 21
86 175
148 421
64 304
81 277
87 173
233 84
468 457
474 291
21 170
205 103
244 477
345 430
33 273
364 342
177 21
416 114
271 115
110 172
259 478
193 233
1 359
266 328
169 21
460 79
387 310
203 122
365 391
489 21
89 185
125 193
42 357
47 462
28 326
21 427
15 21
384 72
11 308
19 168
235 380
221 114
265 472
454 263
21 151
81 469
211 162
418 123
157 168
423 307
21 231
54 259
414 394
24 21
203 429
22 227
410 293
369 25
240 302
487 153
328 269
234 21
475 21
46 62
276 340
145 40
168 21
21 179
21 144
115 354
281 2
460 187
237 419
208 215
75 64
275 427
456 214
441 258
140 404
485 149
33 491
21 334
286 474
449 21
124 453
47 162
462 28
85 106
359 135
471 21
3 343
21 424
9 21
292 324
397 21
228 425
77 475
340 408
196 224
301 221
441 257
77 489
86 21
19 350
165 173
4 483
64 180
211 462
287 156
340 490
450 403
23 367
276 305
499 75
481 21
334 389
200 427
202 418
55 18
31 81
21 6
288 377
193 378
264 470
21 159
107 246
43 398
387 294
346 302
385 451
469 171
246 27
4 395
362 437
275 476
355 71
169 179
468 469
77 21
28 47
130 38
212 103
351 476
398 202
21 355
267 247
337 21
144 495
254 21
306 108
54 333
375 165
21 418
441 284
21 163
193 398
304 180
496 296
477 347
77 48
307 21
21 116
491 273
356 21
280 332
7 23
34 124
117 154
121 115
96 20
390 91
34 453
429 265
252 417
379 287
427 489
340 21
316 21
419 193
204 386
271 104
448 115
158 70
191 371
43 447
232 224
39 342
415 118
269 197
21 351
369 11
21 350
271 188
477 407
278 403
74 21
96 159
121 11
380 339
129 193
274 193
344 187
6 460
449 287
47 128
496 359
479 58
33 282
190 295
406 283
32 394
175 7
115 383
141 333
292 140
21 368
327 222
236 13
198 2
61 50
2 300
469 161
335 136
181 179
116 358
165 15
434 128
268 309
227 196
423 163
438 235
261 415
119 320
247 21
192 259
288 399
280 266
278 38
100 276
265 53
491 384
248 450
80 164
444 451
195 323
16 195
21 202
210 139
188 104
70 343
286 488
430 165
459 406
35 461
7 21
167 278
338 2
115 443
7 388
186 400
112 402
50 464
127 149
21 262
252 472
70 226
72 40
21 344
21 2
283 72
414 32
257 95
80 446
106 407
272 447
402 21
250 21
199 21
444 114
21 160
494 154
401 268
21 276
47 486
165 21
416 171
286 21
106 116
63 375
322 78
169 211
434 76
31 52
427 192
209 198
301 317
273 21
243 21
373 129
60 21
293 397
217 278
450 94
23 175
221 118
299 34
235 150
207 165
198 21
87 291
291 136
69 310
164 225
180 56
38 403
443 362
295 207
464 10
415 317
162 217
124 122
329 446
21 105
265 252
419 242
194 305
71 57
394 392
264 430
21 496
115 77
375 207
21 409
246 369
193 485
225 24
41 66
78 289
142 354
173 389
380 21
43 272
108 431
414 322
204 85
377 342
109 205
265 103
21 270
401 179
224 54
485 201
266 442
406 249
390 489
1 500
24 164
448 11
484 21
271 235
65 158
153 21
320 318
320 461
341 21
213 73
196 21
41 237
313 37
13 304
67 209
68 427
310 294
165 63
371 133
491 282
21 436
27 121
379 21
17 205
389 209
21 339
311 105
103 193
127 230
301 21
498 84
249 72
412 21
223 297
352 156
153 337
40 362
297 276
21 318
445 116
243 432
334 239
273 281
381 447
455 21
95 270
195 489
224 433
138 17
16 475
69 115
202 43
407 21
388 434
5 306
396 1
93 206
331 460
256 156
485 158
21 175
27 19
21 22
21 154
241 150
396 394
115 297
21 370
436 378
21 433
159 346
193 473
149 90
217 340
83 271
191 390
102 84
168 107
320 393
232 227
167 403
394 348
115 288
21 89
98 143
291 298
383 259
335 367
253 346
422 89
212 62
417 50
417 21
212 373
239 21
425 205
390 402
166 474
451 142
394 500
55 57
21 320
248 94
420 149
204 116
21 325
21 191
378 21
214 364
398 467
242 41
408 223
126 193
21 413
196 433
331 6
388 440
124 299
253 21
21 145
420 127
442 108
445 93
31 21
229 62
470 173
264 363
466 304
370 411
208 230
96 253
497 64
176 467
187 417
497 75
407 347
21 101
21 14
277 21
208 127
197 315
285 153
306 266
397 303
21 55
336 216
21 96
21 249
276 235
290 139
394 280
486 434
293 21
388 36
142 411
370 253
21 189
294 223
17 425
86 367
99 288
44 185
21 136
461 467
10 485
21 268
493 25
480 115
492 315
413 293
282 21
308 21
60 1
252 10
70 260
288 400
148 117
409 240
133 21
452 193
142 240
21 374
471 33
59 452
133 489
114 153
114 468
137 68
8 84
21 41
60 396
403 391
442 280
366 464
371 88
218 347
381 143
325 107
39 364
90 420
337 114
352 287
388 134
193 117
451 236
28 309
193 252
357 356
233 8
430 239
106 21
278 126
281 300
195 21
145 459
21 94
361 380
447 143
493 21
488 298
115 379
277 31
13 56
145 316
200 115
81 479
248 278
52 21
324 140
311 21
435 21
297 69
21 345
50 21
245 274
21 156
450 130
245 21
13 180
87 294
226 21
289 51
226 279
83 141
234 458
170 70
495 21
193 10
194 100
184 409
491 249
308 113
463 155
38 248
338 21
468 178
115 287
426 63
41 129
193 373
306 431
417 344
327 285
26 377
476 21
340 336
465 285
72 406
224 478
491 21
21 222
222 189
477 455
396 322
474 298
178 77
154 274
338 281
388 223
199 154
244 296
319 61
161 81
71 55
170 158
182 21
102 483
57 21
384 115
74 199
449 263
224 259
245 164
392 500
110 21
374 164
240 184
181 211
258 257
252 50
21 209
193 84
329 314
274 473
284 257
126 217
21 172
115 377
377 120
211 376
143 368
438 339
21 298
383 54
386 21
468 258
182 214
118 114
483 428
51 396
147 43
343 21
49 115
102 21
475 489
279 21
139 21
11 105
344 6
203 79
162 174
158 21
102 8
21 68
53 109
132 307
200 489
400 21
132 21
411 466
490 336
276 194
10 463
431 5
73 374
353 81
492 500
22 141
186 21
197 21
388 408
58 293
284 21
21 299
166 87
120 364
21 420
21 406
463 250
104 115
53 429
267 378
21 304
410 21
324 21
21 425
296 455
21 204
182 99
21 32
202 123
452 458
354 240
225 329
292 404
122 429
21 477
183 70
327 21
277 410
315 328
359 347
493 105
21 319
294 388
193 201
21 44
466 13
8 374
21 498
490 71
195 475
203 472
427 137
142 114
332 442
449 352
439 28
21 46
286 298
332 21
201 98
320 44
149 208
106 204
312 495
447 147
235 241
64 222
135 204
37 81
377 39
70 65
367 21
21 143
498 193
21 147
309 462
376 174
363 239
21 303
21 224
389 21
21 446
307 83
21 393
21 395
362 21
478 21
472 187
441 21
83 150
135 1
485 70
105 308
233 374
401 21
21 42
21 336
88 191
73 21
98 125
450 21
52 37
49 480
86 23
276 29
138 205
339 45
321 111
21 148
162 128
320 152
223 340
340 162
61 464
55 167
428 312
92 21
68 424
259 21
379 256
101 490
499 64
142 236
460 472
229 210
131 165
21 421
461 21
21 487
278 71
66 238
36 434
21 329
213 164
318 211
377 379
295 375
177 269
368 98
223 276
60 496
372 242
358 445
307 361
250 319
296 412
263 21
439 21
106 359
251 273
212 229
354 11
21 432
21 220
395 312
25 246
151 29
275 91
348 332
21 490
163 22
375 21
21 371
306 269
456 99
21 99
21 445
248 197
142 302
404 417
21 438
178 48
492 328
403 21
411 253
410 81
486 128
251 243
127 90
281 251
217 193
363 334
142 346
302 184
21 185
386 148
21 437
427 115
216 490
72 115
123 21
194 340
385 236
285 499
279 3
1 248
458 21
117 274
470 389
362 288
328 280
193 458
248 193
115 491
76 486
18 167
320 185
203 124
82 422
354 113
92 400
146 21
262 182
161 301
68 405
328 306
427 351
82 119
113 11
211 176
107 484
425 34
159 253
398 162
160 307
360 231
130 248
67 2
142 253
492 280
176 398
255 191
438 151
375 190
321 287
258 81
418 360
12 21
446 73
7 291
48 468
155 319
494 21
236 180
401 309
35 467
287 480
37 31
300 115
426 21
85 116
442 21
320 89
378 452
358 106
277 435
21 313
18 278
260 183
10 149
486 254
26 21
102 146
193 242
103 53
480 449
95 21
186 288
173 430
39 456
450 391
77 200
456 364
131 219
40 443
348 21
106 218
196 232
161 21
118 337
79 21
260 21
21 149
220 227
412 455
21 131
212 129
316 437
59 21
46 229
27 107
357 21
21 20
164 73
21 330
97 105
103 138
21 365
160 361
212 210
499 385
185 152
138 290
466 370
366 61
309 439
34 109
275 489
165 295
474 63
8 21
449 454
376 462
45 380
211 174
21 396
125 381
452 436
214 21
194 21
115 142
24 329
241 307
238 458
135 148
257 270
421 494
4 428
45 438
157 350
495 395
21 323
261 21
285 487
454 49
335 23
169 181
138 210
441 48
165 166
127 215
315 500
193 372
137 424
193 265
327 64
387 67
392 396
149 230
316 40
176 35
88 390
275 351
21 211
415 221
331 79
423 141
40 459
500 248
434 162
146 8
415 21
427 259
285 75
227 141
325 493
486 21
84 483
496 244
50 324
481 375
296 477
362 316
492 394
290 228
327 497
496 412
21 184
21 255
317 21
380 307
162 388
21 64
65 485
21 228
448 121
456 182
62 42
173 387
479 293
104 297
268 439
127 21
64 236
