500 1400 1 124 343
927.2729 352.7552
0.2654 1.0940 640.8687
0.5037 1.0455 603.8900
0.0316 0.7625 316.6203
0.4267 1.3351 419.2311
0.9353 0.1500 320.3857
0.0541 0.4938 284.5531
0.3770 1.6572 585.6481
0.8654 1.4585 930.1302
0.4520 0.1677 628.8129
0.6544 1.4538 329.6122
0.9824 0.0082 236.0681
0.0981 0.0511 658.2486
0.5986 1.0790 161.6620
0.4959 1.8554 378.1398
0.2291 0.3718 280.4586
0.3682 1.8086 313.5923
0.1813 1.0573 241.6597
0.7560 0.0102 436.3512
0.0564 0.7589 561.7765
0.5007 1.1713 624.8572
0.1810 0.1623 365.9448
0.4685 1.8604 95.9295
0.9613 0.6961 159.9640
0.7473 0.2423 248.8757
0.7707 0.6945 145.9653
0.4264 1.5417 597.9329
0.9438 1.8484 819.9817
0.7539 0.3465 932.3991
0.8488 0.1821 565.7532
0.7785 1.6032 365.6286
0.4691 0.5476 84.5050
0.9608 1.8408 139.6295
0.4470 1.2787 519.5526
0.3508 0.9561 431.2018
0.2328 0.8346 981.2603
0.0858 1.8751 623.5123
0.8552 0.4710 925.9836
0.0016 0.5906 500.7205
0.2892 0.9015 208.5307
0.6900 0.3954 276.2589
0.4075 0.0040 527.2124
0.6638 1.3169 387.9985
0.2436 1.8571 720.5395
0.3579 0.7672 242.8447
0.7164 1.2067 773.1585
0.1008 0.7572 318.6156
0.1440 0.9494 169.2620
0.9705 1.1564 45.5597
0.3199 0.8010 232.8554
0.7684 0.0516 905.9287
0.9884 0.3661 154.7100
0.3510 1.8835 143.1566
0.1280 1.2318 508.2774
0.9817 1.7889 51.3803
0.8485 1.8011 209.1260
0.5332 0.8738 140.4162
0.2841 1.3444 76.5327
0.7734 0.2875 152.2360
0.7102 0.2102 335.4978
0.9580 1.3262 978.0684
0.4161 1.2370 207.7346
0.8649 0.1020 588.7139
0.2445 1.2384 342.8830
0.5946 1.2481 877.7192
0.8696 1.8704 364.2380
0.8054 0.8164 404.5788
0.3697 1.8274 439.4844
0.9875 0.3188 583.2701
0.1616 1.0993 208.0616
0.5725 0.6732 537.4353
0.5943 1.0605 881.2539
0.8937 0.2494 221.6179
0.3673 0.3299 537.5727
0.7195 0.7949 21.4797
0.7551 1.4543 355.8619
0.2171 0.8339 753.7531
0.5087 1.4427 606.2512
0.1393 0.2181 724.8982
0.0192 1.0164 328.3209
0.6123 1.5959 871.7108
0.3383 0.9654 236.0869
0.3498 1.2814 841.5577
0.6097 0.4318 460.5108
0.7760 1.8004 869.1391
0.1426 0.7600 158.3018
0.9881 1.6051 993.8006
0.2641 1.5185 76.5267
0.0604 0.4085 25.7181
0.1403 1.8969 82.8457
0.7404 1.7882 911.0292
0.2444 0.1958 556.6532
0.8335 0.1866 619.2316
0.4573 0.2371 916.3142
0.4309 1.1733 854.3987
0.6934 0.7635 360.0512
0.5091 0.8404 711.2687
0.6176 1.5140 661.2500
0.5223 0.9788 911.1518
0.7361 1.1540 766.7050
0.4399 0.2323 737.6564
0.3487 0.2251 344.0049
0.9850 0.7498 264.5753
0.4961 0.5977 109.0364
0.0982 1.3223 120.2622
0.0220 0.3161 372.3358
0.8593 1.3126 542.8802
0.0105 1.3151 39.7836
0.5031 1.4348 902.4689
0.6230 1.8344 85.8110
0.9519 1.3976 41.6915
0.8857 0.4773 766.2557
0.4432 1.1930 57.9933
0.5135 0.3341 751.8305
0.5465 0.3693 466.9858
0.1800 0.2807 627.8990
0.5805 0.4499 574.9097
0.7025 1.8829 19.8638
0.7167 1.0638 629.5974
0.3293 1.5800 272.5607
0.5281 1.2225 664.4148
0.1568 0.2010 121.5856
0.5218 1.2678 446.5830
0.9943 1.6717 318.8657
0.2895 1.6589 988.6036
0.6562 1.1255 694.8621
0.9751 1.5258 455.2358
0.8848 1.7810 676.4248
0.3713 1.0256 491.8448
0.2625 1.5411 713.8001
0.6885 1.1220 596.1378
0.9988 0.7729 428.7693
0.6022 1.5937 623.1993
0.2431 1.7843 934.6104
0.0348 1.7749 397.6317
0.1887 1.4196 222.5638
0.2026 0.5623 345.0896
0.0309 0.2069 793.5013
0.1798 1.8290 48.6830
0.4988 0.9085 850.8065
0.0305 0.5107 548.4550
0.8070 0.4575 733.2836
0.8166 1.3246 442.6836
0.3616 0.5252 443.0009
0.5727 0.5064 565.7729
0.7124 0.2303 343.1866
0.8159 1.6747 961.1865
0.8537 0.9707 440.0825
0.8304 0.3568 843.2272
0.6968 1.4681 917.4011
0.1671 1.4114 620.2014
0.8581 1.7074 987.9031
0.2208 0.6831 318.2087
0.7911 0.1532 228.3765
0.2336 1.6579 547.5732
0.4599 0.2190 622.1081
0.7412 1.6216 249.4608
0.7626 0.9727 730.1990
0.6938 0.6766 258.8690
0.0663 1.7735 54.4516
0.7489 0.5088 112.8223
0.4491 0.8653 102.9581
0.3864 1.2485 194.6034
0.3459 1.0046 632.7303
0.9098 0.5594 434.3114
0.7410 1.3398 850.2254
0.3071 0.0786 103.2314
0.0227 0.1054 242.8058
0.5617 1.3252 490.0246
0.4118 0.2353 319.7964
0.1672 1.4434 422.2491
0.4484 1.8336 40.7716
0.2729 1.3816 549.5137
0.6052 0.2625 351.0758
0.6788 1.4666 897.3638
0.8727 1.4016 546.9933
0.8553 0.8221 155.4330
0.8667 1.7555 530.2696
0.1922 0.6402 547.9985
0.5447 1.2436 654.3481
0.6744 0.0538 38.1482
0.4467 0.4207 266.1117
0.4049 0.7200 418.2546
0.1203 1.7346 99.3427
0.0726 1.7277 502.0998
0.4582 0.1895 906.7063
0.9688 0.6096 814.8729
0.6783 0.0249 697.7884
0.2614 1.3277 400.2428
0.2847 0.6260 747.7515
0.7711 0.8025 340.6872
0.6935 1.1928 369.8669
0.4033 0.7569 654.2945
0.0406 0.6299 523.9028
0.2255 1.5675 295.5405
0.0059 0.0883 210.7537
0.0831 1.2435 604.1191
0.6830 1.7274 685.0246
0.7662 1.4706 301.6219
0.6476 0.6966 345.9939
0.7922 0.3048 9.5805
0.0117 1.1187 99.0762
0.3299 0.2371 835.9472
0.5466 1.5025 384.8725
0.9857 1.3959 427.4063
0.9068 1.3132 612.5429
0.5216 1.0070 441.5467
0.3846 1.3708 621.6244
0.3910 0.9922 526.6277
0.4635 0.6301 569.9090
0.5570 0.4553 32.8650
0.5577 1.4205 148.6536
0.8441 1.6458 512.8842
0.4601 1.4648 755.4032
0.8671 1.9737 71.4246
0.7715 0.8249 814.0190
0.6918 0.5460 311.0635
0.8108 1.8334 887.4865
0.4652 0.8370 767.6877
0.9660 1.7152 757.2779
0.2152 1.9071 659.7443
0.2242 0.2934 100.4298
0.6959 1.8120 495.4114
0.1821 1.2188 451.3544
0.0936 1.6929 616.5104
0.0925 1.1047 564.7803
0.4700 1.4482 501.4811
0.2142 1.9109 190.6432
0.0094 1.1507 554.3068
0.9177 0.3747 777.9510
0.6566 1.2053 308.8997
0.2159 1.9819 181.8174
0.1931 0.1443 883.7886
0.6223 1.8566 625.1866
0.0521 1.8706 863.1967
0.0131 1.5167 704.5879
0.6862 0.3723 684.7062
0.7709 1.3355 852.1282
0.7335 1.4496 626.2337
0.7912 0.1715 340.5805
0.7350 0.7112 682.8646
0.0536 0.6727 674.9793
0.5134 0.1994 126.4078
0.7874 0.6127 539.4199
0.3583 0.5836 755.9597
0.7082 1.5242 771.8362
0.1568 1.1859 842.5035
0.8965 1.7517 266.8616
0.6026 1.4041 980.1406
0.7558 1.0852 894.2901
0.9809 1.7524 203.7559
0.9756 1.0389 969.5499
0.2215 1.8176 510.6515
0.8906 0.7565 163.7275
0.8418 0.2979 541.7747
0.5179 0.6721 194.4863
0.0209 0.7930 548.7058
0.8310 1.5207 590.6493
0.6520 1.1647 188.5737
0.0878 1.1235 596.3728
0.6774 1.8485 336.8197
0.6651 0.8791 417.7341
0.9191 1.8260 33.7605
0.7206 0.3790 390.4466
0.8685 0.2453 751.9222
0.2835 1.4399 975.0263
0.8523 0.7093 405.5815
0.2990 1.7589 408.8749
0.3732 0.9594 137.2544
0.9873 1.1662 320.3895
0.8089 0.9643 369.2718
0.9347 0.6658 386.9392
0.4650 0.1185 355.7694
0.2287 0.4661 224.7656
0.3444 1.3976 713.0695
0.6938 0.5398 481.9787
0.7092 1.9877 435.8395
0.8349 1.9691 232.0423
0.0995 1.4574 638.3562
0.7280 1.6028 674.4065
0.7482 0.0460 620.1358
0.7781 1.2150 841.3660
0.5872 1.3508 300.0045
0.2802 0.6014 504.8098
0.0926 0.3315 665.6786
0.3343 1.0002 565.0388
0.6317 1.3391 857.9097
0.8557 0.5308 5.7040
0.5560 0.9812 264.8925
0.0492 0.6797 778.6392
0.5550 0.7651 557.1189
0.9639 0.1456 915.8139
0.6909 0.3113 476.7789
0.9245 1.4683 395.5606
0.0745 0.5330 27.5922
0.5157 1.4108 672.8403
0.7271 0.9001 767.2853
0.6858 1.8280 21.9478
0.5176 0.8262 311.9560
0.3235 0.3027 620.1224
0.5200 0.5056 62.4564
0.9941 1.4074 132.0904
0.4461 0.2978 71.7573
0.9064 1.5919 9.7853
0.7760 1.8590 790.5521
0.8309 1.4998 864.4177
0.4285 1.0561 874.2131
0.0600 1.3188 435.3998
0.4206 0.3307 813.0437
0.7682 1.2937 258.1544
0.3455 0.4283 585.6323
0.7578 1.5222 280.1839
0.5451 0.6640 442.4623
0.5178 1.7887 548.6344
0.0356 0.3140 248.2439
0.3655 1.1634 913.7011
0.2074 0.3252 834.2184
0.2458 0.3421 53.7060
0.5037 1.1010 280.4935
0.1052 1.8302 101.9869
0.2538 0.4461 41.6209
0.6789 0.0922 774.0582
0.8765 0.3400 540.0454
0.5352 0.5031 806.8676
0.0446 0.0568 786.6394
0.6965 1.1712 121.8807
0.3443 1.5639 9.0939
0.1067 0.5959 301.2454
0.4547 0.8388 349.4956
0.8895 1.0991 720.2136
0.8786 0.0540 27.2607
0.6267 1.1209 709.8249
0.4640 0.8611 621.3011
0.8990 0.5526 998.6070
0.2403 1.7498 662.3818
0.1004 0.1063 668.0210
0.7782 1.1433 271.0196
0.4183 0.1093 782.9399
0.5914 1.6724 830.3679
0.5340 0.9864 110.3315
0.0258 1.3792 245.4320
0.9603 0.8803 152.4331
0.2179 0.6341 411.2677
0.5988 0.7081 802.5460
0.8677 1.3184 23.0293
0.1088 1.5582 724.1484
0.8587 1.2274 366.3964
0.4246 1.3620 170.5944
0.4853 0.9055 568.6257
0.1956 0.4276 618.7290
0.1272 1.9791 668.6789
0.1116 0.2500 466.5053
0.5887 0.3708 419.6121
0.4789 0.0449 78.8308
0.8647 1.4865 707.4199
0.8719 0.7148 623.8185
0.9404 0.2374 750.4326
0.0518 1.7911 254.4168
0.6030 1.7203 147.3470
0.7683 0.4488 496.0677
0.1541 0.7533 267.5850
0.3952 0.0349 146.1545
0.4122 0.4147 313.8833
0.4135 0.0404 361.7716
0.3622 0.8167 875.2258
0.1902 1.1632 96.0421
0.1071 1.7600 196.2105
0.8326 1.8586 127.8287
0.6556 0.6645 28.3845
0.5404 1.7566 703.5945
0.1208 0.6584 937.5969
0.5062 0.6588 79.1971
0.1360 0.9119 98.5710
0.3905 1.9892 29.0981
0.5349 0.8278 758.5414
0.3324 0.6410 933.1779
0.3490 0.4848 312.5333
0.7364 1.6965 628.4424
0.4718 0.4546 201.5709
0.6048 1.5907 82.5495
0.1664 0.3932 575.3241
0.5040 1.9772 932.7501
0.7157 1.4854 474.5662
0.7628 0.3306 187.9033
0.1481 1.7285 616.5673
0.9804 0.9865 207.5968
0.1343 1.0851 381.3236
0.5947 0.2083 592.9949
0.8350 0.4360 107.1590
0.5280 1.8341 964.3861
0.0163 0.3366 233.0572
0.3122 1.1735 251.4719
0.5428 1.1336 584.7458
0.9436 0.7876 957.0882
0.4471 1.9802 555.7111
0.5330 0.2764 311.0554
0.6217 0.4074 837.5277
0.0974 1.2988 158.1899
0.5747 1.8351 901.6837
0.2154 1.9569 490.2621
0.0362 0.3424 547.0849
0.7810 0.9855 101.4191
0.6495 1.7562 131.7017
0.3819 0.8944 453.0335
0.2987 0.1005 617.2552
0.9834 1.4303 977.6595
0.0817 0.6464 228.6750
0.7228 1.8959 902.1480
0.8885 1.8360 360.3260
0.3051 1.7523 634.5556
0.0859 0.9890 504.6556
0.4665 0.4567 240.2997
0.3070 1.9229 680.6802
0.8502 0.2640 603.1788
0.1831 0.9928 915.7862
0.9652 0.0636 269.3277
0.3549 0.5569 247.5291
0.2076 1.3308 111.6586
0.2819 1.7764 343.2051
0.4723 1.0333 330.2750
0.2014 1.6714 439.7208
0.2051 0.6617 966.4162
0.1380 0.2204 293.9982
0.8717 1.2415 650.5678
0.3716 1.4820 821.5624
0.6818 0.1470 798.1357
0.4716 0.2932 463.6681
0.3965 1.0892 954.0210
0.2780 0.8523 198.6691
0.3096 1.0340 634.8313
0.2576 1.0238 65.1968
0.4352 0.7635 603.7791
0.5836 0.9089 859.3095
0.2551 1.9123 342.7140
0.4470 0.2136 362.9619
0.9684 0.6924 644.9082
0.4319 0.6489 260.7469
0.7650 1.0088 796.7707
0.3800 0.7611 461.6703
0.8507 0.1038 620.9127
0.5166 0.9680 833.3255
0.9454 1.3466 250.9485
0.9526 1.9839 572.9979
0.8859 1.3465 171.2612
0.8841 1.7110 58.8404
0.4618 0.8766 250.9337
0.6917 1.5038 239.0419
0.0580 1.5079 665.0161
0.4502 0.6430 936.1230
0.8568 1.7196 282.0946
0.3393 1.7641 708.4076
0.0362 0.9632 963.0264
0.3873 0.0846 85.2559
0.4031 0.8918 405.4841
0.3336 1.3396 511.5638
0.1858 1.6913 435.5346
0.2884 0.4642 530.3405
0.8382 1.0871 18.4303
0.7303 0.9746 600.7131
0.8575 0.0619 879.2048
0.9420 0.6674 873.9198
0.5336 1.0921 237.8930
0.3860 1.8712 253.5690
0.8110 1.4189 981.8387
0.4588 1.2186 153.4141
0.2950 0.0678 884.2852
0.6415 1.9767 837.6039
0.2392 1.0537 288.3043
0.5554 1.6453 756.7477
0.1789 0.5580 663.9525
0.8004 1.9373 602.4867
0.9529 1.6645 308.1043
0.4244 0.5040 709.8838
0.6301 1.6815 823.1558
0.2123 0.6538 963.6271
0.4064 1.8791 177.2097
0.6906 0.0958 908.0478
0.3744 0.1951 591.9411
0.7221 0.7239 34.7790
0.8056 0.1702 443.7957
0.9529 1.2408 272.6494
0.8148 1.0650 469.0218
0.8175 0.4050 983.1378
0.1838 0.0246 33.9258
0.4563 1.6434 695.2831
0.7872 1.8409 212.7564
0.5098 1.1667 403.3789
0.6450 1.4055 446.5819
0.6188 0.1981 251.9977
0.6205 1.5034 521.4031
0.8945 0.3537 491.5265
0.1174 1.9035 579.3284
0.1785 1.8796 900.6526
0.7559 1.7096 29.1907
0.5888 1.0493 147.9402
0.8467 1.8873 726.5003
0.3948 0.8303 891.1640
0.9073 1.8543 570.5117
0.1946 1.4837 889.5148
0.4350 1.8058 862.4198
0.0858 1.9646 475.1294
453 201
390 500
145 263
453 464
133 462
177 260
296 453
445 266
292 321
81 34
200 359
260 449
210 173
492 79
453 281
439 29
360 428
483 335
356 266
453 331
46 335
134 201
177 329
469 394
393 23
446 149
303 457
26 213
274 453
179 453
313 7
80 473
148 479
475 340
317 273
188 265
139 441
383 58
61 208
117 408
302 308
41 453
396 255
446 174
45 156
453 134
277 356
381 488
340 159
293 329
465 380
394 373
30 309
352 173
500 324
265 326
348 55
356 190
275 145
389 358
234 195
279 156
147 270
214 253
135 453
24 216
150 453
403 366
286 402
72 453
426 242
17 69
160 359
342 316
299 453
204 65
102 453
185 272
475 319
100 143
291 453
453 192
203 464
453 390
403 453
418 104
54 495
324 19
256 453
32 250
15 453
458 453
162 128
470 466
453 429
388 254
382 453
125 71
285 188
125 453
188 172
11 102
37 374
416 434
312 396
42 245
391 268
90 297
313 57
453 340
453 452
277 470
184 403
453 189
138 462
358 211
112 108
340 462
13 71
243 332
166 41
466 276
486 248
109 489
465 115
38 234
345 453
453 321
268 453
30 222
465 373
445 62
493 297
133 414
53 154
335 406
174 453
109 286
109 132
2 174
247 485
224 403
13 191
420 267
399 314
149 245
14 67
214 271
453 279
247 110
291 186
137 193
266 355
462 43
50 479
453 479
68 435
465 231
461 2
453 238
453 348
381 187
80 120
347 4
156 258
264 29
400 231
376 434
363 381
260 90
326 188
221 349
454 82
36 89
44 310
34 389
123 341
35 88
217 247
241 12
283 101
327 351
144 396
433 289
476 59
379 80
453 1
34 7
294 370
107 451
331 75
7 389
453 487
26 128
307 447
156 453
370 327
81 453
415 435
150 365
29 92
364 169
442 11
276 92
10 453
493 453
32 453
293 457
414 196
187 488
284 294
453 76
141 479
162 347
309 377
453 347
358 306
132 358
400 12
18 277
248 489
97 109
153 199
175 90
4 61
26 162
143 308
147 471
209 387
6 335
475 462
493 339
453 295
316 221
122 168
453 334
352 144
286 10
185 9
453 79
297 279
41 394
50 254
139 157
488 180
426 381
223 498
174 286
335 284
444 329
150 499
417 499
177 449
453 148
205 303
412 289
411 192
51 261
453 215
470 66
207 315
130 339
209 31
126 432
210 453
137 324
453 492
391 453
453 75
264 25
294 428
462 252
389 129
458 293
153 158
421 41
424 274
232 465
366 184
37 29
453 59
485 233
381 155
206 453
178 166
217 60
148 298
297 257
411 242
453 427
456 477
78 422
173 103
453 351
19 137
26 226
36 52
153 200
453 375
395 209
85 428
362 302
485 217
318 248
161 453
488 321
374 478
500 3
418 278
112 453
158 453
300 387
469 421
260 84
453 129
111 322
299 477
184 453
119 7
311 191
500 453
318 10
485 471
421 394
459 330
127 480
481 449
297 146
365 194
199 359
326 57
237 98
101 452
365 453
174 402
362 453
434 453
485 475
291 176
3 390
377 237
132 379
211 453
97 80
146 288
62 330
415 442
453 397
435 393
316 474
29 277
404 152
233 149
428 35
321 40
27 250
376 169
123 385
317 320
185 376
29 459
420 53
381 276
453 324
142 453
463 440
288 297
262 48
461 446
193 140
98 339
204 405
380 115
222 297
175 212
1 87
132 122
275 24
212 443
413 37
453 19
182 411
38 453
183 259
453 455
481 443
277 459
200 58
198 45
370 360
498 453
453 121
486 453
354 453
453 422
52 134
231 232
272 353
453 62
453 107
372 107
404 421
194 498
168 80
499 170
313 424
382 245
453 447
62 74
96 453
192 181
329 55
381 337
457 444
453 163
453 188
404 91
48 126
472 192
62 459
438 453
99 493
406 453
368 218
364 73
386 453
494 237
453 25
444 449
160 290
238 279
499 450
240 374
111 453
235 372
203 295
120 453
273 453
312 453
244 453
224 183
478 453
227 220
260 443
468 94
319 39
307 259
322 490
484 454
264 490
14 133
453 159
23 291
356 355
131 470
453 454
102 68
453 368
24 58
23 470
444 177
112 94
166 453
140 137
448 209
419 453
141 453
389 369
246 453
314 453
331 311
349 316
194 135
375 310
151 449
275 216
201 79
361 363
426 302
83 321
280 187
252 366
343 383
307 183
34 453
467 453
292 425
277 453
70 453
453 344
381 272
499 124
271 460
488 242
17 267
250 495
307 225
342 136
487 392
470 415
195 256
171 267
470 214
453 280
492 228
241 46
381 101
342 349
163 391
265 119
242 387
453 35
462 22
400 399
215 470
500 105
470 276
34 87
453 395
234 36
262 408
406 76
319 453
471 367
130 98
488 173
31 448
275 476
190 355
371 144
377 45
453 496
452 320
218 58
453 196
476 24
299 189
80 109
138 453
231 335
282 453
164 356
204 262
119 429
233 14
276 439
136 349
417 129
310 453
436 395
242 381
232 453
381 407
420 409
237 453
47 410
453 126
317 452
446 233
28 24
95 453
11 415
285 453
379 168
453 352
487 10
392 174
191 156
30 493
367 304
220 36
353 101
100 434
353 337
492 134
203 453
365 499
470 435
453 300
276 277
484 369
220 52
377 297
499 389
61 226
214 453
359 58
352 488
145 453
344 212
65 227
227 500
164 266
487 64
371 453
500 167
123 407
137 227
453 325
453 482
440 453
8 146
187 24
453 165
480 60
229 333
384 252
66 215
199 453
407 350
270 453
152 91
346 443
353 381
389 233
17 171
118 354
451 453
302 185
20 168
329 453
453 106
453 197
227 3
55 157
286 392
257 493
143 244
478 240
302 453
474 342
339 453
31 453
414 453
453 490
423 443
446 109
334 104
409 267
16 133
453 474
77 203
231 12
466 381
161 388
256 3
345 133
360 294
460 470
453 225
358 203
395 31
127 217
78 231
424 484
245 233
218 453
65 497
21 453
453 209
221 361
367 220
387 114
350 412
453 14
252 403
109 358
75 156
447 183
274 268
296 250
36 195
352 210
453 456
399 381
453 305
132 453
114 395
208 4
68 51
417 135
205 457
214 460
418 16
128 207
85 294
425 312
99 453
46 6
472 242
58 239
419 10
169 453
470 291
77 338
264 453
132 211
484 82
68 393
453 228
363 452
460 453
13 206
98 453
338 358
441 157
219 405
453 308
346 423
453 171
453 224
85 335
453 372
181 472
418 397
354 175
83 352
43 475
255 453
453 154
453 241
437 457
14 16
83 396
177 485
169 9
136 221
226 484
489 10
280 141
33 468
437 293
206 71
29 240
453 56
399 407
164 74
312 292
305 281
497 262
32 54
202 101
453 64
329 157
334 455
381 394
453 219
332 453
251 86
321 236
69 453
119 453
20 453
104 453
341 131
259 384
364 310
343 328
378 453
289 453
20 120
243 92
148 388
329 458
453 328
40 453
496 362
94 33
399 394
343 218
27 251
11 341
347 26
212 346
18 439
24 153
325 237
345 418
58 28
227 324
277 5
453 39
314 400
278 345
486 120
258 279
202 320
410 453
121 231
325 494
453 437
157 453
482 479
136 453
377 222
13 311
209 114
94 108
354 106
220 304
409 171
348 247
352 116
185 381
368 290
426 362
126 262
450 154
382 197
320 273
453 357
1 34
282 318
332 96
407 385
491 220
453 428
450 409
151 84
233 279
36 492
453 400
249 175
453 193
370 284
453 436
213 226
319 357
492 52
453 263
148 254
441 55
493 130
190 453
453 118
477 353
152 474
453 42
23 453
396 425
270 60
369 313
465 394
335 422
160 368
475 52
158 199
493 305
323 103
362 438
56 66
481 423
51 393
156 311
490 29
242 378
176 453
360 453
140 227
180 476
153 280
124 194
491 89
325 377
266 453
5 215
280 276
156 377
262 405
351 335
187 276
220 89
314 289
384 462
302 155
220 3
103 431
62 333
247 453
47 453
74 266
291 460
229 330
125 156
115 232
175 260
204 251
14 462
345 397
108 77
156 198
164 330
22 14
275 263
149 2
432 471
73 477
453 49
68 415
220 117
190 266
193 289
91 221
453 421
389 63
84 449
181 242
108 295
242 453
250 86
433 227
132 80
59 145
396 321
423 453
34 63
139 348
495 301
60 453
203 306
492 201
308 185
113 453
313 453
120 168
453 293
453 143
323 453
491 195
101 477
326 172
453 17
475 233
228 79
53 246
233 260
97 120
376 453
192 182
453 301
243 413
306 453
499 154
29 72
407 495
59 275
162 453
230 453
453 356
223 365
453 269
3 195
410 340
169 353
231 399
147 453
302 93
418 334
295 464
164 277
468 427
301 385
462 47
54 301
495 27
261 453
350 289
318 489
39 159
57 172
394 231
283 299
22 475
487 286
46 231
30 297
86 453
265 313
406 35
297 233
417 453
97 473
105 453
81 1
134 107
128 453
202 452
424 391
453 401
413 92
347 208
153 187
195 220
262 117
105 324
309 98
169 73
480 453
60 127
191 125
468 453
395 378
277 439
453 405
465 41
453 152
495 385
63 7
243 50
377 198
453 24
259 453
185 434
485 260
497 204
416 100
338 468
453 249
471 217
377 279
498 365
40 180
411 453
359 153
343 453
494 453
401 157
53 409
109 398
468 226
224 252
446 402
99 281
42 149
97 489
485 367
10 109
453 149
353 73
453 370
109 473
124 417
184 138
420 69
236 453
178 453
119 188
49 15
131 11
49 363
376 9
65 262
9 353
432 147
453 320
119 34
381 93
154 409
469 404
453 457
154 246
392 64
313 163
133 196
453 346
350 399
21 121
330 277
102 341
453 477
392 453
180 453
66 214
297 175
27 86
231 241
180 187
467 223
453 33
310 169
274 454
257 453
444 303
74 333
58 343
453 288
453 78
61 468
8 118
381 452
35 76
94 453
179 486
371 116
358 468
257 305
95 111
50 276
235 453
453 46
117 65
371 396
340 43
88 85
400 241
21 232
453 57
323 173
32 301
299 101
453 170
379 122
453 133
396 453
253 66
37 240
99 305
143 416
440 99
336 453
445 74
208 453
374 243
23 186
453 341
453 212
42 382
127 453
103 453
284 327
78 335
453 335
45 325
453 476
15 452
313 326
205 481
298 388
276 141
449 303
70 145
181 182
308 434
453 48
484 468
453 139
452 273
300 173
61 427
232 121
414 386
482 141
213 61
441 348
26 484
6 231
402 109
252 138
398 358
394 404
97 248
109 233
445 453
413 29
456 364
44 169
352 321
361 404
128 315
374 332
133 259
395 242
258 453
233 238
35 85
50 92
381 404
74 229
151 443
122 453
306 211
453 364
470 5
380 166
463 493
462 67
3 453
205 453
453 416
476 187
463 453
453 388
453 195
153 58
177 55
123 453
283 202
28 383
45 453
227 167
393 453
230 233
30 130
375 364
373 231
293 444
387 395
110 217
13 165
308 244
401 329
300 103
461 174
14 475
453 36
146 118
162 207
478 96
248 453
14 499
62 29
280 158
380 41
38 195
309 130
239 200
490 72
328 24
302 438
242 182
65 220
495 32
50 148
486 97
287 95
453 472
453 221
391 313
8 354
2 453
70 263
346 344
20 122
383 328
357 134
496 242
408 471
53 453
36 491
319 159
298 453
276 479
110 453
449 205
8 297
267 69
251 453
481 151
232 380
173 387
453 342
107 201
235 107
248 179
368 58
275 453
142 281
481 453
201 451
432 408
84 443
25 287
223 430
224 447
108 338
87 389
391 274
204 453
453 287
463 99
238 230
147 217
453 432
288 336
313 119
125 45
78 121
311 75
453 290
129 1
369 468
26 82
161 254
71 453
327 453
453 26
475 357
175 453
483 231
14 409
111 490
235 134
422 351
125 13
389 417
381 361
170 154
453 16
252 184
86 296
380 178
455 16
408 367
160 58
234 453
202 453
453 430
348 485
453 216
215 277
252 183
336 146
56 214
377 98
365 430
155 185
453 223
453 82
453 380
102 415
27 204
363 221
131 407
387 453
313 389
254 243
213 4
284 351
116 453
194 499
206 165
138 47
137 453
417 194
29 453
295 112
233 453
269 251
29 276
426 496
314 350
221 49
453 66
3 167
260 297
407 433
117 367
453 318
129 87
453 385
453 173
207 26
453 44
304 475
318 419
332 161
165 311
91 474
227 193
475 220
334 16
369 358
212 260
420 453
197 245
31 436
453 146
152 421
322 95
435 23
322 264
285 172
484 313
106 249
485 55
292 453
135 498
453 186
453 271
134 475
227 495
477 364
453 431
272 9
110 127
453 307
475 159
453 448
433 412
453 311
