500 1400 2 172 278
259.9599 734.9504
0.4058 0.0885 969.7767
0.9063 1.6884 778.4060
0.4989 0.3432 205.5279
0.1060 0.3907 51.9359
0.1603 1.1100 600.5982
0.7453 1.8645 505.0018
0.5818 0.7410 269.5374
0.7832 1.3107 244.7859
0.4260 0.5970 429.3968
0.5007 0.9874 32.8986
0.7927 0.6232 173.1907
0.0358 0.9447 299.3335
0.6138 1.4473 690.7270
0.2079 1.7698 983.6525
0.7355 0.7711 715.2776
0.4575 0.8295 359.3111
0.0551 0.6711 474.5895
0.6765 1.3920 324.8429
0.9073 1.2430 176.7467
0.6996 0.5698 604.7948
0.4216 0.6728 105.9247
0.7532 0.5793 479.0965
0.6483 0.0948 369.5432
0.3196 1.7594 67.2360
0.4458 0.7390 380.7745
0.7409 1.0086 100.5960
0.1609 1.9941 305.5704
0.9472 0.9722 661.7863
0.5599 1.5932 421.8384
0.8741 0.7230 702.8616
0.3762 0.3939 835.0581
0.2777 0.1221 922.0175
0.3829 0.8310 963.9595
0.6181 1.4272 984.7908
0.4365 0.2322 771.8221
0.7542 1.4559 199.2473
0.4191 0.6206 433.4905
0.3587 0.1804 802.8169
0.8064 1.1909 578.1185
0.8982 1.0432 61.0299
0.8051 1.5361 942.7300
0.1069 1.7429 784.8355
0.7437 1.2769 960.2133
0.9230 1.5541 828.6787
0.6277 1.6671 38.9273
0.7709 1.0588 112.6463
0.5769 1.6737 206.0882
0.0464 1.0130 450.6237
0.3040 0.8753 200.0963
0.8659 1.2780 849.3743
0.4471 1.9847 730.2118
0.8492 0.4741 952.9106
0.2061 1.4354 208.4698
0.3360 0.9042 749.0041
0.3093 0.9949 277.9473
0.2692 1.8821 68.4699
0.4823 1.7790 343.3734
0.6094 0.0920 626.1688
0.3066 1.1062 370.5808
0.1178 1.8459 96.2211
0.2446 1.7081 404.4767
0.1141 0.1396 577.5277
0.8187 0.0895 493.4636
0.4085 0.7946 366.1672
0.8250 0.7771 152.3925
0.4368 1.0777 399.5135
0.6274 1.8654 903.7789
0.3987 1.7821 362.5486
0.9653 0.6937 290.0119
0.0295 0.0791 294.6301
0.3709 1.6578 181.4667
0.7198 1.8462 606.4129
0.4456 1.3138 489.7369
0.7081 1.1559 761.1224
0.8107 0.5594 126.2150
0.5911 1.1161 613.2040
0.6047 1.5141 825.0353
0.5800 0.5244 662.7407
0.6911 1.6143 165.2217
0.0331 1.9367 475.0557
0.0419 1.8384 466.7781
0.9544 1.7063 592.0898
0.1186 0.3076 265.9208
0.3294 0.8561 700.4249
0.6281 0.6269 921.1948
0.5919 0.5475 617.5433
0.8330 1.3087 36.2089
0.3532 0.7345 152.9320
0.6716 1.5521 998.5471
0.6419 0.2158 282.4817
0.8718 0.9768 615.0908
0.8336 0.2589 536.1378
0.5288 1.1887 397.9795
0.1119 0.6791 539.2030
0.4331 1.1899 137.6526
0.5222 0.1398 736.4582
0.0058 0.8004 809.9989
0.3936 0.3831 64.8361
0.0356 1.1427 440.4625
0.8971 1.7840 764.3195
0.7862 1.8736 525.0996
0.9374 1.2763 766.8381
0.8333 0.8021 704.6681
0.3832 1.3610 254.2329
0.5619 1.7934 799.3479
0.7486 1.6421 705.3977
0.5319 0.4620 982.8421
0.9186 1.9893 366.6586
0.6323 0.6080 728.2595
0.0542 0.3349 907.0930
0.7884 0.6775 834.3135
0.5320 1.0986 718.1260
0.6110 0.2278 945.3893
0.0780 1.0036 597.1813
0.7834 1.1963 223.3088
0.5158 0.8545 580.8839
0.8873 0.4440 990.6173
0.9846 1.1150 154.6748
0.6051 1.0002 66.2958
0.8559 0.1700 579.3648
0.0019 0.9719 686.9574
0.7583 1.2536 941.6034
0.8479 0.1144 341.1015
0.8780 1.6278 616.3558
0.7549 0.6720 491.0965
0.7678 1.3817 593.7138
0.8222 1.1250 287.2739
0.4717 1.2113 905.0849
0.2169 0.7839 820.7949
0.6604 0.1760 704.3594
0.4726 1.3817 596.3470
0.9954 1.5614 228.6534
0.4770 1.5676 490.2944
0.2016 0.8451 668.8133
0.9341 0.3018 109.5224
0.6809 0.9178 158.8626
0.0564 0.7955 248.5555
0.4157 0.0635 597.2182
0.1753 0.8211 894.0327
0.2739 1.8037 493.6050
0.7179 1.0837 729.0478
0.2412 0.2082 788.0222
0.4947 1.7705 961.2844
0.5302 1.6511 813.0295
0.1051 0.4456 34.4087
0.3417 0.6076 771.5549
0.7871 0.2106 735.0107
0.7786 0.7519 938.8546
0.5627 0.9687 618.4041
0.4733 1.0238 800.2822
0.0983 0.8722 909.6701
0.4346 0.1859 654.1934
0.7046 1.3733 867.5850
0.3320 1.3409 365.3708
0.8683 0.2327 441.7667
0.9303 0.8279 945.9264
0.9623 1.3249 891.5352
0.0886 0.5618 734.3238
0.2998 1.2760 468.4933
0.4283 0.2061 660.2041
0.7251 1.2814 75.0397
0.4388 0.8861 55.5865
0.3374 1.7330 887.2671
0.0007 0.0140 66.2627
0.7717 0.2113 5.1909
0.9758 0.1864 140.9873
0.7569 0.8562 407.7928
0.6967 0.4956 92.4476
0.3531 0.4070 123.2650
0.9962 1.8844 351.1164
0.6970 1.3601 4.7440
0.3834 0.9389 796.7722
0.7037 1.2865 481.6563
0.8181 0.9153 531.7666
0.2168 0.3885 474.2328
0.1708 0.6953 590.8175
0.9289 1.1804 924.3137
0.6965 1.6547 812.4966
0.8335 1.2451 188.7342
0.7170 0.2494 733.0847
0.7930 1.0672 558.6794
0.9997 0.2197 619.8279
0.1695 0.9542 78.3503
0.8479 1.7689 192.8620
0.9323 0.6342 358.9029
0.3499 1.4873 496.6512
0.9162 1.2000 759.1226
0.2935 0.9709 612.6442
0.5806 1.9554 408.2157
0.8784 1.1874 797.0584
0.4448 0.4631 975.1122
0.0656 1.5866 293.7679
0.6972 1.7346 289.3315
0.7311 1.6007 573.2913
0.2966 0.0471 874.0919
0.4378 0.2614 188.9743
0.6622 0.2320 635.7041
0.0394 1.2830 959.9044
0.9542 0.0135 636.6323
0.0751 0.2832 563.3878
0.8144 1.6944 222.6222
0.2375 1.3119 575.6753
0.9392 0.5296 672.5736
0.4304 1.5635 966.0432
0.7921 0.2893 815.2843
0.8150 1.8069 804.5183
0.1054 0.1037 957.1236
0.3115 1.5513 855.6694
0.8401 1.7315 920.7572
0.7298 1.8269 562.3889
0.3635 0.0666 120.7848
0.2034 1.8241 785.4014
0.3610 1.2691 270.2667
0.5148 0.2635 88.8242
0.5891 0.4140 25.8117
0.8165 0.9914 383.8574
0.6650 0.5194 114.6059
0.4380 1.7685 380.5869
0.1068 0.9557 588.0612
0.4202 1.7162 990.8495
0.7477 0.1695 250.0729
0.5479 1.4664 472.6318
0.7140 0.0789 690.5798
0.6427 0.7439 989.4315
0.0281 0.3637 155.1666
0.6797 0.8983 700.1610
0.5893 1.2901 844.9393
0.3382 1.2704 742.4412
0.9016 0.2222 621.3427
0.8248 1.2255 876.8317
0.3000 0.9615 580.5285
0.9334 1.8457 635.5765
0.6737 1.9350 195.5810
0.3894 0.4613 867.4485
0.1190 1.7936 343.7417
0.5574 0.1064 863.2863
0.7553 1.9453 647.8446
0.0938 1.2826 572.8937
0.1339 1.9932 80.5968
0.6147 1.7095 668.3725
0.7980 0.1961 68.4947
0.2449 1.2511 646.5303
0.9700 1.9174 824.7768
0.4477 1.6223 202.1597
0.7054 0.7293 205.1129
0.0465 1.7047 478.5953
0.5153 0.2067 283.3624
0.5553 0.4756 651.8282
0.4224 1.2776 466.7627
0.0553 0.3124 813.5865
0.9997 0.8830 835.2213
0.8702 0.7959 646.0700
0.6151 0.6918 959.9716
0.5173 1.6393 865.8815
0.8425 1.8210 731.0715
0.5354 1.7692 102.3279
0.7607 0.5025 827.6081
0.4051 0.2028 918.1604
0.1246 1.7205 166.2007
0.0252 0.6459 117.0282
0.8678 0.2109 487.3823
0.7546 1.6409 67.4992
0.8609 0.1859 362.8878
0.7740 1.0432 560.6847
0.1597 1.3156 124.3833
0.8243 0.5520 929.7912
0.6937 0.6163 280.2338
0.4371 1.5772 65.1790
0.5825 0.3037 778.7322
0.2450 1.4186 188.6925
0.8282 1.4406 4.7196
0.8200 0.9213 798.1027
0.7213 1.4982 929.1010
0.2666 0.3929 885.2343
0.6127 1.3431 327.9554
0.6777 1.8190 51.6104
0.0783 1.9959 430.5263
0.2902 0.8271 307.3740
0.3674 0.7174 795.7385
0.5299 1.7000 505.3173
0.4385 0.0100 325.3473
0.7477 0.9651 118.8615
0.3076 0.8167 60.0435
0.8721 1.4529 814.6106
0.4830 1.2799 439.8350
0.1123 0.5168 827.0062
0.3023 0.2482 493.7016
0.0812 0.5646 219.0035
0.1087 1.2987 117.9024
0.9034 0.2804 273.5241
0.6581 0.9748 333.9279
0.6653 1.8630 463.1297
0.7258 1.8795 198.0212
0.2049 0.9938 808.4155
0.6193 0.9172 880.4444
0.4580 0.7699 533.1199
0.3084 0.7890 852.2646
0.2368 1.4613 753.1397
0.8531 0.4647 996.6903
0.7497 0.8935 515.6388
0.8263 0.1914 705.3639
0.3739 0.0321 624.9704
0.1025 1.7310 122.5978
0.7117 1.9001 112.2264
0.2349 0.0982 753.7189
0.8339 1.2547 810.2025
0.9482 1.8277 529.4139
0.2862 1.2273 943.9952
0.8767 1.5899 710.2785
0.6822 1.9083 495.4775
0.7897 0.9457 546.3414
0.6171 0.6019 17.8139
0.9459 0.6823 287.8898
0.2933 0.9875 853.3748
0.4093 0.1561 466.0279
0.6822 0.5536 583.5733
0.5580 0.2071 519.1910
0.0810 1.0781 790.5901
0.4901 0.5230 414.1143
0.0403 0.4500 96.2878
0.9286 0.7276 626.0415
0.9331 0.5622 828.8176
0.7871 1.4828 785.7413
0.7687 0.6287 850.3928
0.8303 0.2657 78.5193
0.3841 1.5982 595.5494
0.2058 1.9614 169.2389
0.1391 0.6735 367.3257
0.1390 1.3681 429.0792
0.3765 1.3489 632.1199
0.5997 1.5761 609.9507
0.4540 0.4276 247.9728
0.1141 0.6895 463.4648
0.8031 1.9893 849.8080
0.5347 0.0659 377.8657
0.1502 1.8049 34.9755
0.2944 0.0309 243.0320
0.6316 0.1739 932.4754
0.1154 0.9327 884.8946
0.3176 1.4112 746.2039
0.4113 1.4210 313.1518
0.8531 0.9190 665.7208
0.0328 1.1387 857.7213
0.4014 0.9619 793.5604
0.3853 0.9931 354.2746
0.6822 0.4847 131.2113
0.0849 1.4836 660.5499
0.4272 1.8871 919.7802
0.0304 1.5745 245.0795
0.3651 1.7298 516.8204
0.9401 0.5259 719.1118
0.9470 0.9805 617.4594
0.5697 0.4843 386.4168
0.8750 0.5878 243.3235
0.5201 0.3535 869.3611
0.4692 0.1471 583.4556
0.8871 0.6369 719.1331
0.4277 1.8741 414.0543
0.5068 1.4916 513.4976
0.2657 1.1528 648.0299
0.8192 0.1065 819.5315
0.8450 0.8007 38.5979
0.9529 1.5411 502.5579
0.5406 0.4037 774.2859
0.0530 1.3710 520.6902
0.8499 1.2894 63.6630
0.5912 0.6323 663.2730
0.3063 0.5838 186.2696
0.6651 1.6060 371.6756
0.0700 0.2730 825.3985
0.7273 1.1009 408.6357
0.3166 1.1406 716.4807
0.0950 0.6748 767.5617
0.6673 1.2013 465.7518
0.0867 1.3657 152.5256
0.1112 0.5639 195.2861
0.7538 0.8402 787.1667
0.1974 0.2108 489.8407
0.7566 1.4098 794.4109
0.1385 1.6056 121.2770
0.1421 1.3679 539.5083
0.5948 0.4030 295.3698
0.8823 1.6483 363.4668
0.8283 0.1648 445.4416
0.6522 0.4069 911.8643
0.1038 1.9404 415.6797
0.4434 1.3488 668.2573
0.0116 1.3835 227.6286
0.4403 1.3629 299.4804
0.3300 1.0089 369.9001
0.3669 0.1283 32.8769
0.1891 0.0369 938.4902
0.9197 1.0032 328.2005
0.5780 0.7947 501.7334
0.1674 0.4284 544.7509
0.3021 0.4010 717.0380
0.3982 0.9563 230.5734
0.3511 1.0480 637.7185
0.4999 1.5837 833.8263
0.8298 0.3186 401.4883
0.4823 0.4814 186.6994
0.2698 0.2739 40.4182
0.4069 1.1139 97.8922
0.9917 1.4633 438.3164
0.6029 1.1829 871.6234
0.8459 0.0476 626.8694
0.6507 0.0235 392.5424
0.5450 1.7651 818.1228
0.1986 0.3794 71.9282
0.7715 0.1165 716.2112
0.2820 0.9404 600.5947
0.2585 1.6169 322.1509
0.3834 1.4648 977.3263
0.6624 0.9164 572.1393
0.2651 0.0963 332.4124
0.4437 0.6226 965.2024
0.6952 1.4268 790.4221
0.6103 0.1480 98.9989
0.6896 0.3705 304.1781
0.3449 0.5932 57.9176
0.1310 0.7723 120.5488
0.7766 1.9471 723.7932
0.4746 0.2083 481.7858
0.6299 1.3327 804.4337
0.8220 1.1001 383.1159
0.6614 0.7971 730.9573
0.0501 1.5291 339.8307
0.4801 1.5499 490.2158
0.3890 1.3750 154.8337
0.3293 1.7326 913.9080
0.8500 1.8520 215.1561
0.6212 0.3140 628.2951
0.1254 0.6593 386.6665
0.7432 0.6104 835.9021
0.5564 1.1266 802.0415
0.1690 0.2835 439.9458
0.0842 1.4799 756.5294
0.4931 1.7898 175.6509
0.1752 1.3319 741.5786
0.0738 1.7308 480.8149
0.5737 0.8326 563.1702
0.5289 1.4128 287.6998
0.7487 1.0649 289.9100
0.7387 0.8955 667.0068
0.4105 0.6690 921.9807
0.8710 0.4743 55.2048
0.8723 1.0654 310.0104
0.4407 0.7225 778.7669
0.3318 0.0681 218.7220
0.5715 1.9824 443.8415
0.8171 0.7455 402.1943
0.6361 0.9695 40.3589
0.7221 0.9051 62.4838
0.5937 1.7047 824.2404
0.0627 0.3871 829.5363
0.3462 0.6371 921.1462
0.5062 0.8126 122.4224
0.9910 1.9682 699.7018
0.0073 1.9750 939.9845
0.7169 1.9337 563.3727
0.6348 0.9568 15.0723
0.5440 1.7679 750.0105
0.3550 1.1879 546.8060
0.3450 1.7072 447.6804
0.3321 0.8109 258.3852
0.4458 1.5497 124.8874
0.8435 1.7984 937.2652
0.5976 1.7680 711.3569
0.3869 1.1500 627.1395
0.6592 0.3670 393.4425
0.1993 1.2796 427.1275
0.1808 0.0722 328.6519
0.8822 0.0430 625.6771
0.8690 1.4017 764.7674
0.5820 1.8723 333.2900
0.8436 0.5280 769.4542
0.6871 0.3310 704.4440
0.9052 1.0072 259.9182
0.9060 0.3802 725.0093
0.0811 0.2796 55.5454
0.4523 1.7898 548.0246
0.3942 0.0761 4.8837
0.7847 0.4417 510.5288
0.3928 0.6182 96.0560
0.5350 0.5150 425.8765
0.8111 0.1000 140.6132
0.1715 1.6576 846.8297
0.2142 1.3375 136.9141
0.2507 0.8526 104.8360
0.5084 0.9387 151.6264
0.4957 1.4024 470.7340
0.0356 0.7468 28.3346
0.7641 1.7556 172.9323
0.2527 1.6556 217.8798
0.9463 0.8480 372.5871
0.8861 0.4670 146.4116
0.9764 0.6054 984.3262
0.9286 0.5767 601.7529
0.7610 1.9330 45.6625
0.9670 1.7348 404.1123
354 446
482 477
411 112
112 53
482 303
74 482
397 179
156 322
447 166
482 316
81 392
156 321
320 339
475 161
253 248
375 360
306 101
302 387
318 114
21 37
461 414
500 127
482 68
435 154
336 463
47 454
88 279
56 14
205 482
389 285
482 244
470 22
382 214
164 343
482 265
111 317
72 271
305 492
150 411
410 482
301 290
308 463
481 348
174 446
411 286
171 417
185 216
433 378
482 4
452 443
91 69
482 281
83 188
330 249
83 158
455 294
88 64
183 294
482 273
11 113
246 349
490 16
482 215
497 58
428 244
190 334
433 150
101 482
446 205
368 88
373 188
435 128
111 11
482 135
107 482
482 271
395 172
185 321
129 397
92 482
482 70
285 76
342 216
184 101
408 454
334 363
498 216
414 215
482 487
382 482
246 365
482 277
498 92
25 296
92 342
473 406
238 246
201 87
50 482
291 453
187 482
26 452
56 482
469 329
333 145
480 482
396 482
229 482
482 409
23 393
16 88
117 418
342 165
225 114
48 121
482 152
355 482
380 463
459 472
360 386
425 177
168 125
401 295
169 21
41 292
190 127
482 421
208 482
371 500
280 13
197 90
242 259
202 482
22 432
482 388
391 368
170 132
282 300
52 482
315 367
4 421
97 482
312 85
419 324
21 484
161 194
195 440
227 359
463 487
339 294
469 42
104 208
68 220
461 119
83 482
411 139
146 279
59 80
239 449
484 169
123 28
322 185
482 44
161 43
261 263
105 454
330 482
431 237
124 306
251 166
339 482
482 468
482 463
188 55
482 104
461 248
445 146
141 406
136 226
482 287
48 207
308 112
482 168
491 131
479 221
44 422
121 97
273 178
408 256
302 413
482 462
142 489
345 150
109 426
398 390
213 154
246 449
437 347
170 458
393 46
389 341
84 482
110 250
401 319
85 426
240 369
230 383
470 434
482 401
30 174
482 368
223 166
16 64
398 415
25 279
100 482
79 173
482 175
310 450
186 429
482 302
126 262
237 2
191 332
306 345
27 386
430 163
51 482
190 82
191 482
96 482
482 433
101 460
220 482
309 474
489 436
47 256
449 81
28 443
482 267
98 441
482 379
134 179
219 320
494 61
241 498
91 263
173 273
270 228
87 293
421 231
343 66
405 466
138 482
56 154
484 448
271 189
356 482
112 66
176 142
188 314
277 80
186 435
482 334
107 160
223 458
71 131
385 269
88 456
380 482
482 106
82 102
41 323
444 451
396 456
112 238
209 482
452 119
482 327
201 293
111 482
307 482
151 455
260 62
467 482
196 315
477 111
482 80
7 401
482 146
13 424
459 70
99 343
473 141
375 372
490 149
102 127
164 97
101 474
482 472
431 50
482 386
363 232
482 254
215 382
129 142
361 352
321 322
81 59
482 446
295 394
130 418
444 167
119 172
343 318
482 358
370 482
140 104
493 8
492 398
29 275
321 216
134 328
459 343
144 57
118 251
78 248
173 417
139 286
499 230
428 442
279 456
55 390
45 77
44 407
210 74
474 124
230 190
482 192
45 18
284 309
76 131
76 93
428 133
289 437
447 118
51 240
294 219
143 275
104 128
152 86
482 326
348 482
362 299
480 455
461 215
297 33
2 44
500 141
157 141
216 92
299 52
346 20
482 322
446 30
476 52
66 80
122 161
366 467
482 42
411 474
445 484
42 112
76 163
373 158
158 288
36 161
123 482
472 343
85 355
357 446
378 286
126 67
109 355
235 482
216 264
284 206
190 39
205 354
294 482
395 397
438 13
482 259
20 136
198 80
355 215
326 464
76 491
226 215
443 119
305 225
403 246
9 37
91 495
482 250
482 17
398 305
482 82
190 50
130 357
33 465
17 294
344 179
482 280
345 124
384 135
128 340
407 190
482 439
145 94
484 457
141 181
495 135
355 364
400 418
389 413
297 84
433 286
323 43
419 356
449 482
123 443
369 417
482 232
130 446
424 34
456 146
467 383
401 394
190 19
116 149
494 340
227 405
237 482
316 245
225 260
482 385
433 139
188 421
351 156
150 179
147 482
482 72
370 339
404 132
475 178
52 362
74 374
413 387
377 324
121 164
341 163
374 424
482 384
186 208
287 274
295 149
43 276
458 482
232 82
417 374
5 112
100 44
32 188
40 361
482 206
443 393
214 217
297 274
397 344
307 187
371 141
59 246
418 165
482 160
332 482
400 130
352 443
111 377
240 18
256 482
394 98
20 15
152 461
306 460
209 233
274 162
112 439
482 102
468 153
339 137
269 482
61 128
425 157
482 297
327 337
396 368
83 32
482 189
153 417
191 98
47 45
154 95
290 203
441 295
482 31
453 20
212 487
407 19
333 376
326 76
53 212
219 339
482 418
221 185
120 135
8 189
296 116
177 157
339 110
217 267
27 375
482 132
482 153
289 372
284 474
25 116
386 238
482 133
308 242
74 161
184 124
253 461
337 381
252 342
138 310
344 129
190 44
482 11
231 333
399 227
223 361
182 458
434 168
268 466
69 135
324 22
97 48
37 441
282 453
240 89
196 401
33 162
222 482
482 406
425 141
366 150
449 392
312 355
101 309
453 136
275 482
43 122
399 218
273 161
128 482
138 201
482 203
347 303
482 13
14 228
454 462
257 482
216 46
414 226
306 184
335 108
93 73
407 482
482 127
487 53
6 87
20 316
435 104
12 318
417 240
394 319
493 189
150 139
112 403
359 218
482 240
28 482
175 297
112 74
279 296
197 482
443 63
134 436
482 335
482 1
186 482
303 60
202 463
134 433
297 465
482 69
92 165
353 461
389 387
464 482
482 151
308 259
176 489
169 38
37 234
475 36
458 132
487 202
158 188
475 482
435 112
331 47
57 275
457 448
116 457
343 482
138 74
346 482
490 172
54 395
96 52
19 44
405 76
3 482
482 423
74 189
69 497
234 9
295 485
226 217
155 290
254 481
147 92
482 412
418 325
261 91
3 248
173 161
347 60
482 67
141 10
169 482
159 112
489 344
8 41
377 257
490 162
141 199
314 288
404 118
491 405
456 482
377 453
203 351
461 312
114 12
464 163
67 262
194 178
99 66
10 119
301 236
497 91
257 148
425 108
166 443
156 290
203 322
367 295
144 254
405 374
110 482
143 29
490 296
252 216
435 482
227 374
235 329
482 292
288 188
189 210
89 374
193 482
270 298
3 86
372 303
416 441
482 304
70 97
264 272
141 108
479 241
385 168
155 203
172 149
245 226
482 336
13 143
394 191
337 329
482 268
87 304
226 20
164 70
169 420
172 482
393 28
435 76
219 398
202 488
128 249
25 448
112 242
331 77
26 272
465 84
475 379
475 193
311 300
94 421
357 400
482 319
172 84
376 378
235 337
350 491
411 376
492 114
223 182
143 482
482 397
66 114
64 490
79 153
457 441
382 423
432 482
391 396
100 422
154 298
297 402
59 365
172 278
287 297
179 366
18 89
2 482
393 482
347 211
210 493
482 54
282 291
248 482
211 440
45 331
352 40
482 24
256 331
333 482
482 430
239 482
326 131
286 376
91 216
93 285
282 26
203 156
214 423
212 228
96 180
3 78
140 482
118 170
281 79
482 148
246 239
112 303
392 246
252 272
333 421
49 172
492 62
166 63
304 450
482 317
260 305
283 297
482 35
26 311
168 20
122 41
12 207
483 11
82 363
135 91
182 170
381 112
304 6
55 183
489 328
328 344
443 118
43 67
71 326
161 374
482 49
374 275
73 482
156 91
482 60
482 497
362 311
169 37
58 23
372 360
195 211
482 455
366 460
255 467
461 86
377 167
125 434
482 395
263 384
215 109
491 466
285 73
356 324
278 482
410 497
112 471
260 492
482 428
180 482
174 357
332 394
183 482
142 344
443 46
189 72
307 500
309 206
447 443
295 119
482 389
415 482
162 88
418 342
192 289
482 500
474 345
135 263
432 1
461 426
242 439
121 343
404 181
91 313
59 403
250 320
381 329
415 219
161 178
482 23
143 280
408 482
106 262
71 482
482 320
482 338
151 183
46 478
423 217
436 433
44 50
275 424
312 224
381 471
482 399
374 240
88 274
180 52
484 146
359 482
454 45
442 405
2 422
290 482
212 482
329 265
282 444
482 288
39 10
39 172
58 482
204 350
482 258
470 168
125 22
232 334
148 111
61 340
379 106
278 409
115 124
230 50
482 114
424 29
452 46
120 69
7 485
311 103
313 482
488 380
105 45
486 40
470 432
482 217
330 128
231 390
161 126
438 482
186 93
303 42
404 482
398 114
451 266
289 482
222 399
461 224
485 315
416 31
81 198
482 361
277 449
168 377
110 320
156 313
365 349
383 179
364 482
120 482
197 266
244 68
288 83
379 193
389 76
50 237
323 276
482 228
152 353
282 311
366 345
482 131
172 409
318 48
461 136
22 434
90 482
495 69
311 354
437 192
374 171
265 42
461 78
95 212
273 79
375 289
453 461
461 295
255 383
172 54
178 482
374 76
376 482
420 484
428 227
132 118
482 454
43 41
482 420
40 443
356 377
482 499
209 304
324 482
427 239
429 208
396 88
435 93
53 159
88 287
46 58
92 479
277 198
361 486
121 318
5 80
482 230
13 77
482 375
482 211
172 10
351 290
414 136
134 344
481 358
230 255
77 482
500 157
254 227
482 309
482 165
482 450
6 310
371 127
318 66
262 161
50 2
455 17
482 190
377 15
402 482
354 299
333 94
43 126
482 8
118 181
95 159
183 390
295 7
157 108
471 439
176 482
151 294
354 362
152 224
292 276
210 122
470 247
360 112
436 482
482 301
240 45
86 78
442 466
86 482
335 157
112 231
380 202
66 390
201 310
295 457
398 183
182 251
444 300
84 283
461 452
377 419
482 195
399 359
482 27
316 346
347 289
445 25
241 221
129 482
377 20
482 242
453 444
61 482
426 355
118 166
418 496
4 32
352 123
160 367
295 116
244 466
7 196
251 170
494 482
245 267
482 369
188 390
137 320
468 417
183 314
295 253
163 389
398 482
300 103
402 287
230 39
163 482
465 162
69 410
81 277
204 466
31 234
331 482
387 285
483 451
262 482
207 482
88 296
324 1
304 310
265 469
379 262
260 114
177 108
253 482
223 63
37 31
466 350
115 306
231 411
154 112
223 251
275 144
482 156
298 95
75 451
181 443
58 478
17 200
371 39
130 482
482 261
254 348
372 347
482 299
283 482
422 482
107 367
59 5
330 340
233 482
243 482
413 24
342 496
474 184
228 298
466 482
391 482
367 482
275 254
147 479
34 18
482 337
478 91
244 268
354 482
103 65
87 206
48 12
459 164
364 312
482 489
305 482
482 79
478 497
369 51
97 207
188 4
371 190
149 296
482 471
46 264
75 483
272 174
34 374
482 308
443 141
486 223
120 229
46 23
145 482
482 247
227 275
471 327
371 10
484 25
205 338
66 398
435 429
27 360
481 482
482 223
482 199
200 482
405 428
372 112
496 252
325 165
174 252
482 413
52 103
110 370
167 451
482 142
346 269
218 482
342 325
333 411
14 298
76 112
104 249
453 15
141 335
480 17
354 338
73 186
341 482
381 327
483 266
125 377
401 315
221 482
149 119
330 494
377 22
315 295
367 35
464 76
369 468
56 298
57 482
479 498
416 482
104 429
87 474
295 98
453 452
336 380
30 311
412 494
112 59
314 55
216 241
236 482
63 486
463 488
350 482
470 482
238 360
258 319
288 373
52 65
485 196
74 87
377 148
112 95
397 172
465 172
390 112
451 300
91 46
300 65
400 496
482 144
430 341
310 482
243 406
408 462
112 469
406 199
52 451
185 482
11 197
210 8
37 457
113 482
98 482
374 173
213 298
45 482
316 267
443 10
377 75
215 217
379 36
482 377
175 283
261 384
459 482
335 243
349 392
185 241
25 457
482 378
230 179
127 82
482 315
172 230
476 266
437 211
357 496
34 77
84 278
482 225
330 412
482 12
32 482
272 311
311 174
416 234
187 500
168 247
112 246
482 224
104 330
172 179
146 25
332 319
254 222
293 6
482 99
427 482
117 496
482 276
368 287
346 385
216 156
20 245
361 123
451 377
421 145
140 330
172 162
38 482
168 346
482 157
431 2
59 349
34 45
411 87
487 112
13 29
345 115
461 85
75 111
276 67
366 482
155 482
296 16
482 460
476 90
213 95
292 323
433 179
427 386
379 161
415 320
222 358
252 357
52 300
362 103
87 284
463 112
224 364
435 56
482 105
60 211
366 306
476 96
490 88
204 491
14 482
26 46
81 349
197 483
388 80
90 96
292 8
244 442
187 127
416 37
