500 1400 3 451 122
822.6652 683.4793
0.8065 0.0324 342.8875
0.3085 1.8670 901.9269
0.5201 0.4528 804.1992
0.1746 0.3084 340.5290
0.1502 0.5004 291.3294
0.6955 1.1673 402.7682
0.7850 1.7132 613.1131
0.3661 1.4305 646.5392
0.6738 1.5662 611.2419
0.2989 1.6930 741.5489
0.9351 1.3047 548.1562
0.6901 0.6544 369.8487
0.4698 0.2070 142.6605
0.8948 1.5925 228.6208
0.5459 1.7971 301.0674
0.0738 1.8020 684.0904
0.8826 0.9457 380.3116
0.3242 1.0581 835.6153
0.0319 0.0601 62.4628
0.2288 1.6320 89.3084
0.1069 0.0572 906.0982
0.1378 0.9695 543.3241
0.4342 1.6491 357.3041
0.1346 1.2326 633.0486
0.0409 1.3397 781.7324
0.2855 0.7176 62.6442
0.4160 1.9430 506.2753
0.1801 1.4218 94.7548
0.4281 1.1997 803.5663
0.9626 0.0917 192.9706
0.5414 0.4083 278.8612
0.5124 1.2131 931.3668
0.3957 0.6130 885.5431
0.2463 0.0311 268.7614
0.5033 1.8178 382.0971
0.8012 0.9496 125.1817
0.1382 1.4890 585.4776
0.4137 1.7113 783.6355
0.1810 0.9708 656.4049
0.3651 0.1515 839.8604
0.6247 0.4456 196.2529
0.4999 0.4035 339.5848
0.3553 1.3371 332.5328
0.1880 1.3432 108.2087
0.3250 1.9071 127.0815
0.8316 1.2266 542.3683
0.8515 0.1084 395.7200
0.2263 1.1484 74.3234
0.3631 0.8480 408.1264
0.8059 0.5817 987.8009
0.9308 1.2341 647.5261
0.1885 1.7316 34.1780
0.0413 0.1524 25.2735
0.0998 0.7318 466.4736
0.8894 0.7042 596.3657
0.3799 0.4441 840.0972
0.0567 1.4586 579.6061
0.5628 0.1708 213.0294
0.2969 1.6845 884.3891
0.1109 0.8608 152.7865
0.8615 0.9669 889.1618
0.8972 1.9165 249.8891
0.2699 1.5069 137.4700
0.9151 1.9794 626.8248
0.3885 1.4077 79.2227
0.5058 1.7415 323.5040
0.5277 0.0349 195.4925
0.3976 1.8299 199.5473
0.1550 1.8892 244.3705
0.1389 1.4685 366.5904
0.3024 1.8969 210.3887
0.2163 1.4724 248.8278
0.4128 1.7673 133.9558
0.7335 0.1649 56.7625
0.9953 0.3167 667.0924
0.0926 1.7899 623.1620
0.0963 1.3815 655.8290
0.2831 0.1992 612.9447
0.7498 0.4164 280.6079
0.4901 0.0376 659.2391
0.9720 0.5526 909.9992
0.6387 0.9573 212.9161
0.8405 0.7343 832.9674
0.2713 1.4986 980.5918
0.3730 0.0782 28.1095
0.3174 0.1317 137.2312
0.9439 1.5623 633.0317
0.1290 0.8084 203.1528
0.1965 1.3980 241.1810
0.8217 1.3614 706.5548
0.5685 1.9977 235.5860
0.9798 1.6942 58.5607
0.7081 0.7696 958.6710
0.4028 1.2355 233.8242
0.7815 1.1806 206.0013
0.5150 1.7490 895.9430
0.4113 1.9771 831.8052
0.8245 1.3253 897.0725
0.3477 0.0943 839.9082
0.6190 0.8389 479.7011
0.9709 0.8828 579.3845
0.3238 1.0630 984.2305
0.5087 1.3970 99.3319
0.9794 1.8965 394.7716
0.0335 1.9592 803.4828
0.5299 1.2195 683.8683
0.4374 0.5958 916.0091
0.1815 1.4292 819.2057
0.3843 0.9028 297.4462
0.7409 0.2732 396.7503
0.9719 1.0836 135.4650
0.4244 0.1914 451.9359
0.1921 0.9661 914.2748
0.4618 0.6430 364.5738
0.6304 1.7792 47.7102
0.1722 1.0476 727.4023
0.6942 0.2451 652.6431
0.9902 0.3042 546.5172
0.5082 0.3888 855.4543
0.7888 1.7075 507.4167
0.6150 1.1366 811.0018
0.8711 0.1766 175.0824
0.6504 1.8636 460.2941
0.5847 1.1807 409.5175
0.9433 1.6979 743.3550
0.8766 0.5534 966.9879
0.1656 1.6840 139.8788
0.8712 0.2894 890.9595
0.4764 1.7798 920.5903
0.5344 1.8422 90.6734
0.3968 1.9015 200.6102
0.1494 1.1738 766.0781
0.8860 1.0943 108.3070
0.7024 1.8496 65.1866
0.3894 1.9946 740.3969
0.5912 0.5567 204.3383
0.0447 0.4697 399.4732
0.4726 0.0708 912.9134
0.2979 1.3110 85.9791
0.1959 1.8207 534.1500
0.3051 1.0572 141.0440
0.0530 1.8479 564.6726
0.2758 0.4190 964.6684
0.5946 0.9280 753.1820
0.1853 0.0508 709.3358
0.3604 0.6296 316.6069
0.0221 1.0068 993.2004
0.0802 0.1114 205.1371
0.7445 0.1270 746.7407
0.4107 0.7036 747.2804
0.4842 1.0807 204.1696
0.7479 1.5682 375.3992
0.6190 0.5541 839.7533
0.6085 0.3229 363.5518
0.8901 1.9329 817.2414
0.1268 0.9370 659.0163
0.8254 1.7227 575.3420
0.1352 1.5565 300.5866
0.8201 1.4945 951.1215
0.7815 0.8770 179.7196
0.4955 0.6560 26.9154
0.3842 1.1535 191.1811
0.3052 0.9840 614.1861
0.3207 0.2722 688.5796
0.2733 0.9475 197.9336
0.9144 1.7720 467.0536
0.7796 1.3413 31.1956
0.2799 1.1784 358.3063
0.7157 1.0331 374.0165
0.6610 0.6431 612.5642
0.2853 1.6231 985.9336
0.0846 1.8365 992.9880
0.9251 0.0014 20.4074
0.8761 1.6276 479.8856
0.7575 0.8347 644.0344
0.7792 0.4270 922.4044
0.3165 0.3754 306.3982
0.4565 1.0608 113.7031
0.2554 0.1564 539.0527
0.8059 1.3456 199.4666
0.2159 1.6347 424.5460
0.9768 0.1915 260.2091
0.4792 1.2079 737.2560
0.1313 1.7104 463.2270
0.7829 0.5038 783.2456
0.4392 0.9821 823.2733
0.7630 0.7022 54.4292
0.0825 1.9711 169.6054
0.1660 1.8521 748.0260
0.3610 1.2485 84.6149
0.4649 0.8161 983.7478
0.3321 0.8451 223.7874
0.9589 0.9224 985.1311
0.5154 0.5295 905.9985
0.2670 1.7332 464.7076
0.2496 1.9169 427.8916
0.8540 0.6477 274.5416
0.0254 0.8010 716.7106
0.3323 0.7171 311.0565
0.9729 1.8711 186.6543
0.3094 1.8725 412.4906
0.4148 1.1888 468.9099
0.2233 0.0067 997.2734
0.2677 0.6937 14.7016
0.1251 0.4869 969.9229
0.3242 0.3998 915.1287
0.0544 1.6891 665.7690
0.2565 0.6890 846.5172
0.6985 0.7805 517.3239
0.0856 1.0363 82.4970
0.4952 0.7860 378.7547
0.9833 1.9311 8.2635
0.3148 1.4450 185.0464
0.6872 0.3618 887.7079
0.3975 0.3139 940.7888
0.7636 0.2391 597.1650
0.4068 0.3477 611.3999
0.4604 1.7837 145.7266
0.5816 1.7398 898.7929
0.7385 0.3489 20.3770
0.2223 1.3142 990.0129
0.0505 1.4652 558.3296
0.2647 0.5770 810.3202
0.0036 1.9854 565.1491
0.5801 0.7255 741.5322
0.6169 0.7934 677.2526
0.3098 1.7769 290.3909
0.4094 1.6132 576.4537
0.6795 0.6414 148.6697
0.7891 1.8959 271.2529
0.1851 0.2353 776.1945
0.8850 0.4931 905.1772
0.3105 0.2287 457.7749
0.3492 0.0705 945.5264
0.9931 1.6218 936.0320
0.7160 0.8958 148.1762
0.4753 1.1750 855.5262
0.7312 0.5858 201.1114
0.6861 0.6368 545.9872
0.0455 1.5109 339.5096
0.4421 1.2726 176.2272
0.8863 0.5329 678.0003
0.8141 0.5879 819.1397
0.5072 1.3853 36.9816
0.4133 0.2034 356.6829
0.6831 0.6858 667.6692
0.8433 0.0246 6.2339
0.0474 0.1554 856.9891
0.3686 1.6635 97.0879
0.5601 1.0074 346.2986
0.2846 1.2826 445.8665
0.2957 0.7531 907.8968
0.7125 0.3377 241.8977
0.9508 0.0758 82.7552
0.4676 1.3503 195.1389
0.0513 1.0345 930.8287
0.1498 1.4077 360.3751
0.2249 0.9645 834.8610
0.6992 0.9657 533.6102
0.6876 0.7161 270.6546
0.6327 1.7866 88.8054
0.6434 1.9307 942.0975
0.0059 1.5906 301.7239
0.1582 0.2384 682.5132
0.7926 0.9984 42.2295
0.5085 0.3508 149.3816
0.8376 1.4565 306.6594
0.8090 0.5131 90.5979
0.8869 1.9420 552.1877
0.6246 0.8101 780.6757
0.3869 0.9538 949.5424
0.6915 1.4972 79.7825
0.2456 1.0514 139.3053
0.4109 0.8798 819.4285
0.3220 1.5690 617.3235
0.7286 0.0291 335.8343
0.6337 1.2761 181.4412
0.2211 0.7077 931.6760
0.8570 0.5551 221.0467
0.4564 1.7338 154.7366
0.1554 1.4868 325.5221
0.9178 0.4730 445.0262
0.7471 1.5561 641.9025
0.6650 1.5643 932.4351
0.7064 1.3209 654.0952
0.4316 1.9252 781.8226
0.5064 1.0417 340.4140
0.9798 1.5798 568.1371
0.6502 1.4612 799.9518
0.4386 1.4852 9.8109
0.5451 0.9752 532.7509
0.4769 1.7128 685.0948
0.1721 0.6828 447.3374
0.5240 0.3640 455.9753
0.8172 1.1354 178.1737
0.8720 1.6481 198.1261
0.0144 1.1194 336.2766
0.3738 1.6375 133.0685
0.8317 0.8719 389.0237
0.8712 0.2843 483.4200
0.0951 0.8656 403.7070
0.5737 1.6217 804.9240
0.9693 1.4297 654.0079
0.9894 1.4196 557.8623
0.8156 0.8369 978.7131
0.8391 0.1188 778.2593
0.9676 1.4089 145.8309
0.3828 1.6117 101.3471
0.5021 0.2693 576.6760
0.3025 0.7537 249.7905
0.1086 0.4966 509.9982
0.9631 0.6702 181.2960
0.9682 1.1352 316.9734
0.7197 0.0081 429.4926
0.3111 0.1675 943.2898
0.0282 0.9924 905.7425
0.8374 0.1131 454.5688
0.7758 1.0191 274.4009
0.5007 0.2706 900.4596
0.6309 0.6685 266.6442
0.5721 1.9079 812.3863
0.6396 1.9740 792.2855
0.9252 1.6341 170.8963
0.8877 0.9268 351.1129
0.8908 0.3151 811.9514
0.4676 0.3396 945.1669
0.5944 0.7487 622.8382
0.9191 0.0699 72.5919
0.6398 1.4634 915.1515
0.1053 1.6048 527.6471
0.8933 0.1448 553.6003
0.2743 0.4989 519.3181
0.5366 1.0327 521.4686
0.4380 1.0520 970.1419
0.0211 1.8453 929.4932
0.9963 1.1825 909.1550
0.2666 0.8880 592.6743
0.3459 1.8385 624.2801
0.8617 1.5520 848.6119
0.4319 1.7535 321.0420
0.3311 1.7339 560.4004
0.6677 0.0429 985.3583
0.4789 1.5162 853.7644
0.2597 0.5118 64.0213
0.0615 1.9237 160.1702
0.0911 0.3614 995.5697
0.4571 1.5238 546.1794
0.5556 1.0954 411.7623
0.0989 0.4984 771.0632
0.4015 0.4788 164.7602
0.4589 1.1703 1.3245
0.3809 1.2410 857.7661
0.4711 0.5258 345.7529
0.0175 1.6019 335.6860
0.5839 0.5941 394.2253
0.3766 1.7609 61.7686
0.0371 1.5051 343.6372
0.4131 0.3284 452.7179
0.9209 0.5018 838.6686
0.2387 0.9743 103.9714
0.2826 0.3429 877.3662
0.7423 0.5394 374.4707
0.0232 1.7320 217.2913
0.8645 1.7404 466.0458
0.8901 1.5182 554.0880
0.0454 1.4275 592.6660
0.6607 1.9261 830.9744
0.2421 0.9962 507.0101
0.4404 0.1848 987.8292
0.8352 1.2325 410.7392
0.6760 0.2380 293.3227
0.4298 1.5668 456.7980
0.2894 1.5564 256.8725
0.7380 1.3897 902.7249
0.0428 1.1721 343.8181
0.6162 0.7266 820.7866
0.5026 1.9356 593.5448
0.4870 0.0491 377.7125
0.4194 0.0809 672.0174
0.7019 1.0070 784.3915
0.7899 0.4124 830.5640
0.7645 1.2684 746.8919
0.4822 1.3721 915.5388
0.0054 1.6729 16.4574
0.5175 1.6085 247.2854
0.6625 0.8099 612.7155
0.6749 1.3775 850.1785
0.9571 1.4446 992.2168
0.3503 1.5970 328.4240
0.2679 1.3114 805.1315
0.8987 1.2510 950.3446
0.1353 1.7508 57.8949
0.1085 1.2468 306.9411
0.8311 1.6598 83.2610
0.9132 1.3192 197.5834
0.6309 1.0768 736.1633
0.3952 1.1782 746.5188
0.2333 1.9200 835.6838
0.9693 0.8523 684.2542
0.7714 1.6224 432.8717
0.9389 0.9380 25.3078
0.7687 1.6618 342.2232
0.7071 1.1780 232.3598
0.4445 1.7910 418.5775
0.9116 0.5201 966.8335
0.7966 1.4103 800.8517
0.1610 1.9541 871.6538
0.8845 1.4957 606.8284
0.1745 0.0701 270.1684
0.6266 1.5686 782.1462
0.1815 0.1440 116.2788
0.8877 0.8249 432.0491
0.8374 0.3841 969.4642
0.4712 0.3164 145.8082
0.9390 0.3271 737.8901
0.9409 0.4853 69.0934
0.3872 0.6984 925.6878
0.4700 0.7363 357.2742
0.9284 0.4755 55.1222
0.9624 1.4258 512.6822
0.1972 0.8525 661.3016
0.5840 0.0002 492.2318
0.7605 1.7806 416.9849
0.9604 1.2380 159.2434
0.7196 0.2131 974.4331
0.6634 1.2977 286.0096
0.2161 1.6476 847.0110
0.0206 0.9262 666.2734
0.0774 1.4868 44.4582
0.5097 0.3897 211.0298
0.2442 0.2922 422.8676
0.9720 0.3112 520.0935
0.6487 1.4340 550.8180
0.0181 1.5447 989.4411
0.8396 0.8792 399.4251
0.0951 1.9695 505.2830
0.1897 0.5179 566.7489
0.7996 0.3569 4.8950
0.1192 0.6644 297.1225
0.9177 0.2010 767.6404
0.1665 1.6007 292.8147
0.7998 1.6907 237.1879
0.9296 0.1959 951.6120
0.5259 0.0418 691.1858
0.2942 0.3045 73.6490
0.6246 0.2608 840.5971
0.4977 1.1116 644.0161
0.1114 0.4504 951.5229
0.2524 0.6834 206.7436
0.0413 0.8950 984.4752
0.1394 0.3190 394.4311
0.9209 1.3697 971.7604
0.5995 0.9030 418.5937
0.2163 0.3135 581.1824
0.6760 1.7795 614.6672
0.7021 1.8622 410.6518
0.1663 1.0235 231.3022
0.1305 0.4704 650.3511
0.9005 1.2913 362.0409
0.1620 1.7039 518.5322
0.7029 0.3591 204.4555
0.4627 0.2674 576.0824
0.5508 1.9418 330.4726
0.2785 0.0153 9.2255
0.0797 1.8111 953.6863
0.3041 1.1312 153.1838
0.6468 1.1957 864.1842
0.6903 1.3974 60.8828
0.6354 0.5034 962.9046
0.2216 1.7223 58.8082
0.8852 0.8407 392.6732
0.1050 1.6869 702.4137
0.2332 1.3116 475.7752
0.8322 0.9637 45.2581
0.2386 1.6418 628.7560
0.7212 1.1770 945.0993
0.6557 1.6920 782.3705
0.2691 0.5215 326.0199
0.7865 0.4147 991.6263
0.0159 1.8666 313.4187
0.2950 0.5922 696.6686
0.2487 1.5810 129.9217
0.3899 0.3610 675.4525
0.9846 1.3778 500.5111
0.1587 0.5388 339.8508
0.9462 0.2265 675.5963
0.8133 1.3111 729.3031
0.4107 1.1921 299.1327
0.7038 1.3199 748.2949
0.0841 1.5305 613.2433
0.1560 0.3839 807.3398
0.2840 0.8722 940.6252
0.5100 1.3055 842.3122
0.2434 0.5720 258.2881
0.0762 1.2862 127.2786
0.6181 0.7581 710.5183
0.2008 1.2174 324.7889
0.1136 1.4173 248.7672
0.6632 1.9357 520.1346
0.1335 0.5504 600.8124
253 325
461 384
55 278
123 456
455 129
20 181
466 375
101 236
40 86
200 104
46 424
424 336
388 336
111 162
471 399
69 2
380 250
294 438
442 384
76 404
147 36
264 117
33 384
427 384
196 262
405 469
75 269
80 67
288 394
467 202
224 143
295 48
25 384
56 3
426 25
307 180
384 494
377 499
180 167
466 48
366 65
170 384
222 70
91 135
469 336
456 104
27 64
102 18
99 317
90 244
373 158
271 147
336 399
440 118
434 84
290 384
10 442
384 263
155 269
153 136
443 118
19 182
425 233
114 161
304 329
28 384
149 331
417 246
170 355
281 290
376 312
36 384
137 205
36 82
483 384
81 197
432 75
65 103
313 424
368 186
495 384
120 125
384 177
384 79
378 145
374 244
434 159
389 441
140 384
247 1
250 256
242 405
154 414
307 406
166 340
106 24
384 410
398 384
234 145
232 205
220 358
61 193
126 239
201 230
275 152
356 384
65 452
342 254
348 287
384 164
270 386
373 283
132 168
384 168
424 111
206 31
485 126
228 308
138 378
126 242
26 199
471 100
17 36
57 384
200 68
190 352
440 443
271 101
488 497
176 143
300 216
376 418
326 384
412 305
414 454
102 178
113 22
191 384
257 65
326 451
156 384
384 65
387 90
326 358
480 345
338 104
344 405
204 208
179 384
408 347
455 384
103 89
202 124
92 75
235 288
287 334
384 346
217 361
176 79
72 290
206 384
94 263
384 195
294 177
353 362
44 384
212 157
311 268
414 384
369 440
327 384
166 423
386 175
175 412
177 483
449 246
135 97
496 209
479 381
211 384
279 384
364 7
500 494
46 51
459 384
288 59
86 384
47 182
288 87
2 201
154 253
446 300
171 302
362 485
469 332
193 396
384 404
278 26
354 87
80 384
479 419
142 123
384 405
166 392
86 331
301 384
124 384
250 368
476 95
383 77
56 282
101 399
92 7
309 110
215 445
206 491
212 2
339 490
71 321
360 384
459 11
408 304
315 440
82 258
500 279
218 261
391 382
384 436
357 281
459 98
337 236
143 419
391 11
500 153
384 114
126 81
411 74
430 491
49 421
218 129
357 290
141 273
104 455
384 478
420 303
298 181
334 178
175 384
397 476
447 121
352 46
426 251
331 40
73 227
277 384
434 240
171 384
64 499
403 95
212 75
21 384
241 190
262 286
126 362
490 343
261 35
378 254
191 175
263 46
146 107
88 384
271 316
141 384
384 238
291 360
418 54
206 479
267 70
166 455
467 46
389 384
206 430
59 402
341 364
384 67
399 100
261 404
210 380
67 1
302 384
336 307
452 108
71 75
476 124
384 378
364 470
224 56
398 262
14 354
384 490
307 167
429 72
372 284
217 326
160 100
189 456
348 151
384 330
368 256
402 23
384 278
477 125
253 220
492 274
76 384
414 445
300 110
402 249
172 130
235 59
229 197
462 264
154 451
384 91
90 452
279 239
212 230
194 384
384 430
239 229
492 301
470 52
148 331
402 288
384 492
202 384
15 384
465 35
380 287
384 26
51 424
414 4
353 126
193 474
396 318
164 253
143 79
17 271
252 384
159 408
216 371
28 498
85 379
471 412
421 384
372 384
148 384
300 128
61 318
339 365
405 349
127 249
100 305
114 12
386 88
12 293
384 476
58 122
289 329
180 255
258 113
377 64
166 227
118 254
189 104
384 275
101 111
316 165
13 384
273 116
415 432
384 337
454 384
174 323
11 307
427 475
103 468
70 384
426 459
453 144
485 194
233 216
134 142
478 437
120 477
496 327
162 295
246 55
291 474
266 438
49 192
126 197
15 35
259 291
293 384
384 187
278 187
29 497
34 384
130 338
20 298
401 474
122 440
311 405
214 42
357 429
107 33
439 12
245 425
129 261
29 488
388 289
138 234
4 215
384 297
384 142
225 384
374 89
336 75
278 260
237 351
297 457
341 195
384 109
493 459
487 489
159 343
347 159
128 253
265 318
20 171
448 282
188 384
222 303
395 255
140 200
443 122
267 289
384 223
94 24
405 437
279 126
170 12
101 160
384 5
355 243
459 139
76 15
127 92
200 261
69 71
259 360
445 384
293 449
6 237
384 441
222 384
83 312
39 82
384 116
324 101
342 444
75 118
486 425
96 364
376 54
270 384
258 384
384 115
437 353
438 381
270 88
43 98
492 450
419 176
449 384
384 2
40 74
336 101
392 356
120 10
424 484
21 234
197 320
292 7
292 470
384 23
147 384
307 484
240 290
384 94
400 323
93 83
209 226
134 384
384 361
380 169
9 283
384 139
384 150
384 485
133 447
233 384
166 73
175 312
302 308
306 317
355 107
384 78
25 251
193 17
464 384
146 355
157 166
419 282
384 66
396 61
245 384
384 425
384 350
116 333
195 66
250 384
284 283
384 457
361 326
207 442
254 173
370 352
55 225
183 46
306 384
402 296
455 200
72 329
328 182
363 340
301 60
82 401
249 384
159 272
184 38
407 480
89 244
69 201
475 298
474 82
232 350
384 254
376 83
384 22
452 103
24 384
184 384
46 313
375 384
63 159
288 384
384 255
359 336
135 188
388 329
98 489
434 384
41 282
384 344
16 384
39 22
255 90
315 58
32 497
340 66
142 212
480 384
282 384
384 31
68 140
235 75
415 220
219 341
67 247
28 108
444 384
369 486
310 327
321 69
359 416
399 299
438 461
44 43
258 22
455 261
343 384
50 238
436 97
294 461
452 468
251 384
216 446
103 366
497 183
1 254
222 213
336 304
384 283
384 498
75 359
353 478
104 157
380 297
453 101
5 268
269 64
192 384
47 138
385 384
69 131
75 45
111 313
400 174
384 311
134 172
500 384
307 395
271 193
164 445
368 380
311 5
384 493
193 133
288 385
377 384
323 296
416 458
439 161
128 164
353 194
384 20
390 139
432 300
102 141
384 376
18 141
455 423
285 489
179 122
384 126
185 469
283 339
336 235
377 262
419 438
348 380
286 398
209 93
298 171
315 384
355 384
7 120
416 384
182 306
399 412
470 280
216 231
274 428
115 129
384 450
197 312
446 117
384 172
217 220
46 29
97 384
316 384
320 246
322 64
149 384
82 17
460 120
196 384
399 81
269 367
24 393
296 427
462 384
247 464
276 67
91 247
477 92
152 9
494 223
384 105
391 426
158 339
263 352
106 32
384 77
371 233
272 384
384 261
171 400
75 173
438 220
137 384
330 385
129 384
119 294
173 1
83 327
30 182
92 442
112 384
12 320
475 296
235 92
384 422
457 210
122 74
84 159
150 278
452 406
391 307
386 226
398 196
425 432
430 214
77 90
221 384
158 490
277 251
304 365
379 234
424 352
447 348
384 130
127 59
218 384
242 437
405 126
50 494
384 380
148 149
200 35
394 59
162 132
243 239
105 203
199 278
295 121
409 85
336 111
217 384
39 258
291 380
222 57
384 481
210 333
447 384
446 110
100 49
301 49
428 384
122 315
160 299
449 12
221 489
51 370
30 378
447 295
288 14
229 126
230 2
280 52
447 178
465 16
338 384
170 229
338 68
175 209
53 112
95 313
348 178
343 347
491 384
200 338
479 79
481 243
384 417
213 336
304 159
384 99
85 384
177 430
205 332
46 488
117 216
486 118
78 245
403 476
480 64
230 69
334 18
384 53
41 224
325 220
343 63
259 82
90 89
496 198
376 225
45 321
267 303
237 168
403 124
450 428
449 320
384 475
127 384
225 260
432 416
312 55
260 199
133 295
228 384
472 384
460 384
336 185
38 292
81 469
422 105
88 226
348 193
384 63
431 384
431 445
385 308
212 92
453 324
52 195
163 368
100 274
288 302
175 93
384 60
384 317
287 273
375 447
384 308
407 64
284 384
74 118
417 208
244 387
364 280
487 459
29 183
193 401
289 70
203 464
310 384
497 202
64 75
268 349
105 314
87 336
139 221
495 241
453 109
384 262
64 345
384 497
382 241
384 39
415 300
360 163
87 482
384 473
459 395
75 254
61 474
281 429
46 32
54 384
9 304
384 181
118 30
74 179
287 178
384 411
14 87
455 227
444 1
469 232
384 332
306 19
212 7
309 462
180 90
384 292
312 81
75 230
104 123
144 156
402 127
211 198
294 430
317 182
7 38
169 348
384 227
64 463
439 293
272 63
122 384
384 276
445 4
47 378
231 117
33 146
275 9
56 384
341 52
314 203
152 87
330 288
159 384
166 104
384 144
438 416
384 496
384 190
132 111
349 384
6 397
187 417
139 487
473 459
339 304
6 476
381 42
312 412
38 120
50 243
384 397
1 342
108 433
149 118
196 45
216 425
391 190
312 225
104 130
176 479
96 340
336 303
138 379
384 19
384 143
310 252
363 392
64 173
6 313
487 221
291 186
294 483
217 266
351 132
55 197
9 372
274 337
465 200
71 131
384 241
384 322
302 228
356 73
66 341
335 384
271 36
223 50
243 384
17 401
462 446
55 320
303 388
92 125
304 388
36 258
65 28
379 384
432 486
421 301
366 89
136 279
240 84
88 211
213 57
257 366
384 409
347 365
454 154
459 390
384 158
289 384
150 187
236 435
435 337
39 259
98 255
47 317
164 154
384 463
395 167
494 136
307 433
190 495
62 71
412 100
6 351
187 246
100 299
46 106
214 294
429 384
486 112
14 389
207 384
106 384
254 30
252 327
336 222
175 100
194 362
147 316
349 5
350 137
364 157
265 291
444 67
72 304
489 384
384 369
367 262
384 32
423 104
132 6
334 102
140 465
433 57
90 383
463 27
16 15
234 85
211 209
219 340
171 174
367 64
384 145
28 452
447 193
259 474
104 212
435 101
384 451
482 354
159 72
97 64
384 465
360 186
321 335
110 462
25 493
192 100
48 384
384 439
75 321
453 384
247 276
7 125
9 87
333 380
323 402
309 384
101 109
406 108
26 225
390 384
210 384
384 92
185 232
382 426
323 171
287 333
248 369
409 234
170 146
193 111
384 108
384 74
111 295
83 418
355 481
34 67
148 86
284 9
123 212
384 72
135 384
175 192
175 226
384 107
324 271
331 118
14 482
452 307
79 31
381 206
280 341
384 354
290 434
209 198
205 384
169 396
7 157
384 43
346 177
393 384
98 395
377 463
381 413
245 486
308 288
388 267
391 424
84 290
384 236
155 45
318 380
27 345
445 154
437 384
53 78
27 384
319 128
438 214
273 384
224 384
246 208
405 332
471 305
91 64
384 50
384 248
189 134
384 120
188 97
479 413
333 384
247 173
413 438
142 456
10 477
470 7
295 384
231 384
191 386
42 206
487 98
336 81
435 274
222 420
151 447
340 364
384 402
175 83
285 384
262 499
288 400
41 419
15 261
86 411
440 486
197 170
447 48
128 415
460 10
37 357
350 458
466 447
152 384
448 384
384 259
10 207
384 383
21 409
419 413
319 384
243 238
144 324
142 189
194 478
75 69
64 135
256 384
392 384
483 346
46 94
383 89
56 41
384 132
444 254
384 118
93 496
433 8
49 384
61 291
57 307
64 247
348 396
454 451
170 114
384 204
384 178
288 389
384 470
188 436
52 384
247 314
446 264
144 165
438 217
379 317
384 146
364 219
184 292
386 384
118 122
236 109
58 440
288 441
153 279
119 177
358 253
134 104
166 364
95 46
417 204
274 450
339 347
8 406
143 41
459 25
46 202
16 35
169 318
309 319
34 80
384 182
332 232
302 400
98 285
360 368
326 220
314 91
134 130
451 358
384 366
384 418
374 387
45 367
421 60
345 384
9 384
13 425
287 116
437 344
51 352
352 384
384 165
47 328
340 392
371 231
475 181
152 410
384 357
391 484
202 95
384 440
384 198
62 75
213 307
329 384
452 387
18 273
2 335
384 14
464 314
472 127
121 48
384 368
384 321
241 391
285 43
321 131
89 384
95 124
279 494
97 322
196 367
87 235
416 232
55 187
43 255
69 335
459 391
164 319
355 239
95 467
155 367
384 4
275 410
384 382
184 120
384 102
193 295
336 420
384 433
112 78
163 186
145 21
460 207
136 500
260 26
65 498
237 384
322 407
112 245
128 309
384 363
353 242
68 384
59 92
384 208
183 32
300 309
162 384
273 334
323 298
442 477
375 48
407 384
328 378
161 384
496 83
384 274
265 61
49 274
381 214
138 145
384 264
384 246
206 79
161 12
304 347
307 8
373 384
405 81
356 227
203 384
165 324
311 332
229 355
384 45
336 9
461 217
393 94
3 384
384 458
464 276
101 193
415 438
103 374
166 356
283 158
371 384
351 168
419 384
472 92
430 119
461 266
