22 44 6 21 12
844.8079 40.9963
0.8960 0.7147 462.4620
0.7449 0.8440 760.8560
0.2321 1.4256 221.3250
0.9178 1.9484 978.2776
0.9067 0.6962 330.5668
0.1909 1.5261 533.1514
0.9410 1.8141 672.3828
0.3230 0.1016 532.1835
0.4020 0.9700 778.6094
0.5308 1.3144 203.7410
0.2762 0.5966 930.1785
0.0097 0.2104 511.2176
0.0609 0.6212 898.7940
0.3054 1.7574 395.1674
0.2259 0.9602 250.1899
0.5941 1.0652 858.3494
0.4700 0.9625 427.5540
0.3893 1.1291 14.4335
0.7268 1.7453 985.8632
0.1291 1.5930 793.7016
0.2012 1.8497 237.9710
0.7863 0.6769 214.5349
19 20
5 22
12 20
20 6
2 12
16 17
13 2
11 4
16 19
13 21
7 4
17 2
12 21
5 19
15 10
21 8
2 1
2 22
3 12
4 13
21 19
3 20
5 7
19 1
2 16
3 19
19 18
17 12
18 10
12 19
8 7
19 6
6 3
14 19
19 9
17 15
7 11
2 11
19 7
19 2
11 22
19 10
8 19
15 19
