28 58 8 17 26
530.1126 548.0268
0.5160 1.1770 789.6850
0.0315 1.5724 314.3809
0.1929 1.9314 854.0087
0.9676 0.6039 395.6664
0.5036 1.5422 493.1801
0.3298 1.3719 290.3266
0.1474 0.7621 806.6292
0.6663 1.9776 189.9769
0.9619 0.8212 609.8242
0.3332 0.4809 60.2720
0.2069 1.9733 363.6944
0.9876 0.6865 51.7408
0.7729 0.6163 797.4503
0.3919 0.3034 540.5200
0.7451 0.9750 221.9832
0.7170 1.3811 831.2807
0.4432 1.7707 564.0988
0.8179 1.8243 614.7166
0.5204 1.0902 668.9839
0.9328 1.0514 449.7614
0.3242 0.4783 612.1667
0.4239 0.8175 37.3298
0.2975 0.2258 673.0701
0.0425 0.6582 357.3256
0.8443 1.4870 315.0111
0.7972 1.6411 485.6826
0.2408 0.9569 407.3019
0.8676 0.9478 766.4586
5 2
18 3
3 27
2 3
22 24
3 8
12 18
4 8
17 2
4 9
5 25
15 2
9 28
23 4
26 2
9 8
9 26
18 26
3 12
2 19
6 1
9 10
9 18
4 14
13 9
20 9
15 27
9 22
6 25
25 2
9 14
25 16
15 28
11 27
9 12
9 24
9 5
22 28
3 4
15 19
23 14
1 19
28 16
9 7
9 21
2 6
16 9
25 9
24 27
20 16
11 4
6 19
24 23
9 3
17 26
28 27
22 27
6 15
