35 78 7 9 24
657.9062 430.4875
0.5568 0.9067 412.0925
0.3549 1.0739 98.8600
0.8048 1.3383 370.1063
0.9188 1.2306 545.0724
0.7789 0.7340 463.1525
0.9030 1.1123 562.5648
0.7079 0.6722 731.8866
0.4771 1.5535 76.7614
0.6699 0.7862 934.9283
0.4151 0.8639 870.5205
0.4463 1.0864 415.2689
0.6976 0.2656 644.8024
0.9681 0.5053 221.7902
0.2562 1.3182 688.7375
0.5342 0.0194 964.8309
0.9207 1.3281 337.0509
0.4354 0.2085 15.2823
0.9498 0.6590 562.9604
0.5909 0.0704 517.0323
0.3193 0.5696 425.8782
0.6003 1.9082 35.5570
0.7191 1.7141 436.0182
0.7618 1.1779 860.8874
0.6674 1.3754 773.5641
0.8754 0.2724 587.2911
0.5187 0.5460 799.1467
0.4481 0.5410 965.5778
0.1957 0.9548 888.4029
0.3883 1.1345 72.1354
0.3516 0.0952 762.0690
0.0775 1.3355 911.2349
0.7273 0.4090 496.4329
0.6158 0.2686 555.3842
0.6247 1.2844 308.9934
0.1402 0.2818 344.6532
3 15
34 2
15 4
15 25
32 15
14 15
4 13
9 1
12 15
31 14
14 8
20 35
27 33
7 15
16 15
15 27
25 13
1 12
2 18
22 21
15 22
32 12
28 10
28 26
26 20
12 7
15 17
34 11
26 27
2 1
10 32
4 2
13 6
4 23
2 31
19 15
3 8
16 23
32 26
35 15
20 31
8 29
2 11
8 21
3 23
32 2
31 29
31 28
15 33
32 33
8 24
2 6
13 15
32 27
11 3
5 9
23 15
30 17
25 9
4 11
14 35
25 1
20 30
1 18
15 8
35 30
5 1
31 10
32 1
4 16
24 34
9 15
30 15
10 26
9 19
13 18
15 21
8 34
