35 71 2 6 31
36.6531 531.2976
0.7157 1.6060 175.9366
0.8281 1.6324 144.5178
0.5937 1.4072 264.7743
0.6073 1.0558 562.3703
0.6160 0.4751 647.8408
0.0690 0.1144 245.3819
0.6722 1.0665 991.7538
0.2790 0.5362 787.6246
0.9462 1.0455 578.7213
0.6863 0.0747 246.9214
0.7155 0.9328 40.2551
0.5699 1.6796 85.2652
0.0998 1.1163 782.6096
0.3967 0.0820 467.8868
0.2967 0.8763 360.1216
0.9206 0.3526 177.0858
0.8188 0.1806 43.4041
0.6077 0.5831 159.5239
0.5684 0.6143 879.6215
0.8837 0.7155 166.5372
0.4937 1.1851 451.6233
0.8111 0.5574 429.5569
0.2611 0.8857 434.0905
0.6403 0.4887 112.3681
0.9654 0.2779 4.5748
0.1989 1.1872 347.7157
0.7529 1.4665 345.8806
0.3439 1.1052 653.0851
0.8084 1.7161 971.3038
0.4281 0.3186 621.5585
0.2597 0.2554 802.6656
0.1288 0.3935 528.8954
0.3321 0.6551 595.2753
0.8268 0.6398 220.8184
0.5655 1.4323 616.9930
30 33
4 9
7 4
5 30
30 15
15 8
11 4
1 30
17 1
15 13
35 4
4 21
2 1
16 1
35 21
1 25
32 8
26 21
22 18
6 8
7 27
1 20
20 22
1 22
13 6
1 6
23 15
15 28
1 7
1 4
8 30
1 29
19 33
1 35
14 30
26 13
24 16
20 19
1 3
11 28
25 22
6 32
30 10
14 1
27 1
9 1
26 35
5 10
18 25
8 31
10 17
19 22
10 24
18 16
31 6
13 1
4 27
19 34
33 28
18 30
14 6
1 12
22 34
1 10
30 31
6 23
13 21
8 23
1 26
24 1
9 19
