29 58 2 2 8
727.3364 472.7956
0.5836 1.6160 373.8185
0.2808 0.4971 582.0890
0.6609 0.1596 754.1859
0.5370 1.2714 281.5814
0.9762 0.6415 618.1086
0.2667 0.7346 180.4593
0.8195 0.6505 736.0698
0.1931 1.9838 22.8695
0.6056 0.9688 312.1170
0.1082 0.7732 43.8701
0.4555 0.4007 275.2898
0.5080 1.4381 259.3708
0.5459 0.6033 935.8101
0.5782 1.2582 517.4286
0.9195 1.2884 990.9812
0.8629 0.4856 924.8618
0.9957 1.2548 517.2478
0.5281 0.5321 610.6586
0.3728 1.2971 429.0366
0.8491 1.0030 685.3801
0.9736 1.5945 410.9056
0.5880 1.6382 33.9707
0.8321 1.2782 788.3031
0.5508 0.1019 439.5630
0.5988 0.1816 827.3728
0.1346 0.3344 616.6471
0.6658 1.5769 538.2352
0.3312 0.6870 537.7777
0.7342 1.1233 611.1941
6 25
23 7
18 3
10 12
24 3
13 11
19 9
8 22
19 4
12 4
3 12
25 24
11 9
12 19
25 3
22 12
5 21
18 9
3 5
9 14
1 22
12 8
12 5
12 15
1 3
12 27
12 29
9 12
2 6
12 14
9 13
6 10
28 9
8 26
18 16
12 16
1 12
18 25
10 2
17 12
27 3
12 23
19 6
20 12
21 3
21 27
28 11
17 5
29 9
15 23
7 9
12 6
26 12
8 2
27 17
25 2
16 15
4 9
