485 726 6 181 249
515.3426 989.5301
0.4093 0.2727 131.7147
0.3864 1.7273 885.5494
0.0911 0.9091 206.8324
0.2275 0.0909 530.6589
0.4091 1.7273 486.3119
0.0224 1.7273 639.3538
0.1139 0.9091 290.2642
0.1366 1.0000 320.4018
0.1588 0.4545 200.8619
0.3183 1.4545 431.0308
0.1139 0.0000 291.5802
0.3867 0.9091 357.8891
0.0227 0.7273 809.7870
0.0452 0.3636 19.2039
0.1363 1.2727 852.8424
0.3181 1.7273 982.2404
0.2729 0.5455 415.0921
0.1815 0.2727 267.6952
0.0454 1.8182 746.3682
0.3636 0.4545 634.7457
0.3411 0.8182 588.0813
0.3639 0.0909 115.2876
0.2044 0.0909 968.7431
0.3639 0.7273 972.5752
0.2953 1.2727 819.1375
0.3636 1.8182 176.7142
0.2271 0.5455 877.5376
0.4094 0.6364 467.0758
0.1590 0.3636 765.4640
0.0224 1.8182 166.1752
0.4770 1.9091 347.6118
0.4546 1.3636 633.4456
0.2047 1.1818 885.1363
0.1820 1.3636 274.2679
0.2724 1.0909 432.6856
0.3408 0.1818 316.3321
0.2956 0.0000 8.6846
0.0685 1.5455 884.9378
0.1135 0.1818 221.3483
0.1589 1.1818 526.0142
0.1136 1.8182 523.4261
0.1818 1.2727 590.7654
0.0911 0.6364 902.7625
0.2276 1.8182 256.0020
0.3863 0.1818 865.4368
0.0912 0.3636 665.3692
0.0683 0.8182 998.3827
0.4548 1.8182 545.9743
0.3407 1.1818 221.3110
0.3184 0.3636 365.6056
0.1817 0.1818 64.7588
0.4089 0.4545 317.5194
0.0682 1.4545 287.5807
0.0452 0.6364 500.9410
0.3638 1.5455 147.1495
0.2954 0.7273 579.8036
0.2497 0.9091 949.1146
0.4775 1.5455 265.7834
0.4089 0.8182 439.3721
0.3182 1.3636 242.2746
0.3862 0.7273 705.1307
0.2271 1.0000 729.1283
0.1821 1.1818 368.4844
0.2498 0.2727 382.0114
0.4321 1.2727 259.5378
0.1592 1.5455 678.9492
0.0229 0.0000 812.8024
0.3635 0.3636 540.6176
0.1592 0.0909 39.5902
0.1815 1.5455 630.9193
0.4092 0.1818 303.9743
0.1134 1.4545 429.6140
0.1592 1.0000 489.9401
0.0680 1.0909 676.6020
0.0909 0.0000 597.4881
0.4319 0.0909 550.4806
0.4774 0.5455 446.4344
0.1818 1.0909 710.3674
0.3185 0.0000 110.0823
0.1821 0.6364 29.0041
0.3409 1.8182 826.2827
0.2957 1.1818 310.4823
0.2498 1.0000 458.3051
0.1363 1.7273 382.6951
0.2044 1.5455 297.2103
0.0684 1.1818 552.9042
0.3181 0.5455 234.8209
0.1819 1.7273 594.4868
0.3185 1.0909 595.5188
0.3633 1.0909 678.7961
0.3181 0.0909 430.2380
0.4088 1.3636 215.8507
0.1138 1.0000 491.5387
0.0684 0.3636 778.2595
0.0908 1.5455 267.0460
0.0909 0.7273 296.4232
0.2046 0.1818 329.6105
0.3407 0.9091 314.4631
0.4998 0.4545 230.7422
0.1365 1.9091 896.5883
0.3179 0.7273 667.6446
0.2048 1.6364 808.2921
0.2272 1.3636 253.3302
0.0906 1.8182 300.9999
0.3179 0.9091 966.3433
0.0912 0.8182 125.1798
0.1591 0.0000 686.3239
0.3862 0.3636 430.8162
0.3636 1.7273 338.2297
0.4548 1.4545 657.3621
0.3636 0.6364 42.3212
0.0681 1.7273 639.0772
0.2954 1.3636 232.4947
0.1593 1.0909 748.5389
0.4090 0.9091 32.1879
0.3180 0.6364 937.7337
0.2501 0.4545 480.3218
0.2501 1.6364 913.5921
0.3180 0.2727 464.9192
0.2275 1.9091 916.9321
0.2952 1.9091 675.4373
0.0909 0.0909 504.7239
0.0229 1.2727 561.0045
0.3184 1.1818 873.3410
0.4321 1.7273 990.7947
0.0226 1.5455 913.1132
0.2272 1.7273 997.0995
0.1365 0.6364 101.3038
0.0228 1.3636 36.4741
0.1137 1.2727 823.8729
0.4771 0.2727 100.6996
0.1590 1.3636 221.2163
0.3866 0.0000 947.1259
0.1592 0.8182 595.2413
0.3184 0.8182 465.5964
0.2276 0.9091 81.2182
0.5000 0.5455 900.6028
0.4088 1.4545 303.4744
0.5002 1.2727 918.1706
0.1820 1.8182 627.5432
0.4094 1.2727 653.1438
0.3407 1.4545 181.1645
0.3181 0.1818 86.2753
0.0452 0.1818 800.3968
0.3633 1.4545 508.5162
0.4545 0.0000 486.8271
0.1820 0.9091 923.7024
0.2501 0.3636 971.1505
0.0228 0.5455 12.9511
0.3867 0.0909 826.4785
0.4546 1.9091 37.1244
0.3410 0.5455 153.9034
0.2272 0.3636 294.1708
0.2954 0.8182 678.1260
0.4548 1.6364 932.7663
0.1366 1.5455 900.9790
0.1588 0.9091 125.6340
0.1821 0.0000 431.2156
0.3406 1.6364 373.9185
0.1816 1.6364 672.1589
0.2048 1.8182 312.9845
0.2271 1.2727 105.4528
0.4772 0.6364 73.8452
0.4315 0.4545 173.9908
0.0230 1.9091 669.4719
0.3639 1.6364 298.0668
0.4091 0.7273 266.4665
0.4542 0.6364 988.2183
0.2274 1.6364 43.8358
0.2954 0.3636 413.5176
0.0230 1.6364 23.7287
0.1818 0.8182 992.5199
0.1365 1.3636 951.7111
0.3637 1.9091 296.6606
0.2953 0.0909 648.3015
0.0685 1.9091 812.0808
0.4543 0.4545 880.8585
0.2046 1.7273 902.2833
0.5002 1.6364 521.6674
0.2048 0.8182 192.5168
0.4775 0.3636 594.3465
0.3861 1.5455 619.0420
0.0453 0.9091 902.0176
0.2501 1.5455 489.5579
0.3637 1.3636 289.5259
0.3636 0.5455 503.6010
0.4547 0.1818 531.2353
0.1365 0.1818 101.8605
0.2498 1.7273 830.8108
0.0681 0.2727 945.4968
0.0681 0.4545 630.9358
0.3634 1.1818 777.5734
0.1588 0.2727 966.0588
0.4774 0.7273 321.2024
0.4546 0.9091 943.5311
0.2724 0.6364 510.2224
0.4092 1.1818 249.1121
0.2047 0.5455 410.6525
0.3638 1.2727 30.7281
0.2501 0.6364 248.0719
0.0224 0.2727 674.4003
0.0684 1.2727 907.2764
0.3407 0.0909 725.6230
0.1135 1.6364 577.9171
0.2046 1.2727 786.7522
0.4997 1.0000 229.8094
0.2729 0.1818 933.9268
0.4321 0.5455 990.0627
0.2502 1.0909 893.3880
0.4321 1.8182 667.1755
0.0684 1.6364 454.7337
0.1817 0.0909 752.4286
0.0458 1.6364 526.7304
0.2956 0.4545 721.7647
0.2728 1.1818 822.8305
0.3185 1.2727 885.3890
0.3861 1.2727 48.3056
0.4544 0.3636 347.4845
0.2957 1.5455 376.5625
0.4542 0.7273 241.9105
0.0454 0.2727 464.7954
0.3637 0.9091 225.3813
0.4088 0.3636 439.4931
0.2503 1.9091 275.4364
0.2954 0.2727 353.9931
0.0226 1.0000 671.4745
0.2046 1.0909 351.6086
0.4542 1.2727 639.1927
0.4545 0.5455 794.9024
0.2502 0.8182 757.1412
0.2953 1.7273 863.6204
0.2952 0.6364 337.9540
0.1818 0.5455 895.2076
0.1818 1.9091 576.9074
0.1817 0.4545 992.8523
0.3409 1.7273 609.8060
0.2047 0.9091 339.7453
0.0906 1.1818 49.6889
0.5003 0.8182 888.7352
0.1594 1.2727 640.0024
0.4315 0.0000 111.6131
0.1361 0.0000 896.0181
0.4998 0.7273 445.7031
0.3179 1.0000 23.2161
0.0230 0.6364 68.3075
0.0452 0.5455 698.0561
0.1133 0.0909 54.3734
0.0456 1.3636 226.2115
0.2046 1.9091 144.4366
0.2726 0.4545 653.8973
0.2272 0.8182 596.9021
0.2725 1.5455 803.9340
0.0228 0.0909 572.7411
0.0457 0.0000 926.0509
0.1135 1.9091 636.1318
0.4320 0.1818 256.2935
0.4316 0.8182 555.3801
0.4316 0.2727 627.8024
0.3861 1.6364 902.1587
0.2502 1.3636 674.1154
0.0907 1.0000 450.6838
0.4543 1.0000 651.9867
0.2273 0.2727 57.9907
0.2727 0.0909 362.5604
0.0680 1.8182 770.9076
0.1589 1.9091 473.3283
0.1134 0.5455 181.4729
0.0457 1.0000 285.0301
0.0458 1.0909 647.5032
0.4089 1.5455 50.7621
0.2274 1.4545 72.6835
0.3639 0.8182 756.9925
0.2043 0.0000 970.6198
0.4770 1.8182 125.1910
0.4773 1.2727 696.6598
0.2499 1.2727 436.8576
0.0685 0.5455 966.2712
0.4093 0.5455 336.2007
0.1362 0.0909 478.6650
0.3409 0.2727 608.5315
0.4773 0.0000 837.1457
0.4772 0.9091 760.5306
0.4320 0.7273 813.4337
0.0453 1.2727 172.1190
0.5001 1.1818 187.1417
0.4315 1.6364 771.4740
0.0908 1.6364 628.7206
0.4318 1.1818 553.7825
0.1591 1.4545 807.4625
0.2730 0.3636 399.9109
0.4090 1.9091 534.0352
0.4318 1.3636 847.2724
0.2048 0.7273 425.6055
0.2727 0.2727 29.9776
0.0453 1.7273 672.9419
0.2276 1.5455 548.5424
0.3407 0.4545 270.8718
0.4090 0.0909 660.6321
0.4771 1.3636 662.4861
0.2724 1.2727 941.3983
0.4775 0.8182 784.7619
0.4093 0.0000 895.2885
0.1138 0.3636 957.8533
0.0455 1.4545 397.2124
0.4771 1.6364 414.9374
0.3636 0.2727 483.5593
0.3406 1.9091 850.6385
0.0681 1.3636 488.1847
0.3867 1.8182 937.4979
0.0911 0.5455 972.6374
0.0456 1.9091 461.5579
0.2501 1.8182 883.9330
0.4546 1.7273 712.4113
0.3866 0.2727 204.4161
0.4999 1.7273 299.3594
0.2044 0.4545 400.3835
0.1366 1.8182 94.5974
0.4999 0.6364 130.7793
0.5000 0.2727 648.5691
0.2270 0.0000 127.1667
0.3407 1.5455 957.9008
0.2724 0.0000 762.4235
0.0908 1.3636 234.2539
0.0682 0.7273 659.0547
0.0458 0.4545 163.6148
0.2725 0.9091 950.0312
0.2048 1.4545 337.5431
0.4999 0.0000 473.0256
0.3863 1.9091 236.3445
0.3184 1.9091 663.6154
0.1367 1.1818 706.7577
0.3866 0.8182 285.0889
0.0224 0.8182 708.3353
0.1366 0.9091 240.0365
0.0227 0.4545 583.9168
0.2043 1.3636 988.0538
0.1588 0.5455 205.1872
0.4771 1.0000 977.8951
0.4548 0.0909 153.8606
0.3863 1.3636 964.3587
0.2502 1.4545 775.2054
0.2729 1.3636 62.7400
0.0685 1.0000 605.1711
0.1817 1.4545 846.6386
0.0682 0.0909 469.9045
0.4318 0.9091 592.3965
0.4772 1.0909 337.8261
0.3633 1.0000 153.8114
0.4771 1.1818 870.1692
0.1816 1.0000 912.1196
0.2724 1.7273 63.2772
0.4774 1.4545 522.1288
0.0681 0.1818 740.0311
0.1139 0.6364 496.1651
0.3408 0.7273 139.5550
0.0000 0.0000 537.8579
0.2957 1.0909 166.1719
0.3184 1.8182 608.6931
0.3410 1.0909 502.9866
0.0684 0.0000 685.1648
0.4090 1.6364 433.2157
0.1591 1.7273 516.4055
0.1588 1.6364 963.2739
0.2954 1.4545 428.6153
0.4316 1.4545 24.7407
0.0907 0.4545 484.7610
0.4547 0.2727 893.5235
0.3185 0.4545 548.9412
0.4545 0.8182 17.1950
0.1136 1.3636 589.6988
0.2725 1.4545 768.0106
0.0453 0.0909 997.5686
0.2499 0.0000 230.1349
0.2275 1.1818 601.8690
0.3867 1.4545 713.1979
0.3184 1.5455 941.3667
0.2272 0.7273 755.4669
0.3409 0.0000 262.8598
0.5000 1.0909 306.2262
0.1137 1.5455 460.5105
0.3407 1.2727 519.7427
0.1594 0.7273 392.6276
0.1361 0.3636 709.2304
0.4999 1.4545 859.9398
0.3409 1.0000 642.4214
0.4093 1.0909 699.3726
0.0909 1.4545 507.9637
0.4316 1.9091 153.9179
0.2047 1.0000 866.8621
0.4774 0.0909 267.5093
0.5001 0.1818 738.0037
0.2498 0.7273 2.3814
0.0911 1.9091 341.3165
0.0225 1.4545 186.0626
0.2730 1.0000 706.7153
0.2955 0.1818 515.1934
0.2270 1.0909 105.7105
0.5000 0.9091 224.5681
0.3863 0.5455 810.9595
0.2952 0.9091 66.5800
0.2497 1.1818 626.2797
0.4547 1.5455 167.7012
0.2048 0.3636 461.0135
0.5000 0.3636 6.9174
0.1361 1.6364 734.2059
0.0227 0.3636 597.8024
0.3634 0.0000 933.6077
0.4770 0.4545 328.5341
0.3410 1.3636 185.7379
0.0908 0.1818 759.7261
0.1136 1.0909 312.8322
0.4999 1.9091 994.7355
0.0453 1.1818 702.1020
0.2727 1.6364 661.6143
0.1819 0.7273 5.1687
0.1588 0.6364 238.4271
0.0228 1.0909 851.2066
0.4999 0.0909 293.7061
0.4774 1.7273 496.2346
0.3639 0.1818 468.5789
0.5000 1.3636 743.5000
0.0682 0.6364 300.3255
0.0452 0.8182 163.9800
0.3863 1.0000 704.2466
0.1138 1.7273 936.2757
0.0682 0.9091 779.1938
0.1366 0.8182 119.8702
0.2958 1.0000 745.5983
0.4318 1.5455 762.3125
0.2498 0.5455 15.1465
0.2502 0.0909 288.7828
0.1361 0.5455 750.0613
0.3410 0.6364 51.1807
0.0907 1.2727 30.6679
0.4088 1.0000 674.8181
0.1136 0.2727 714.9773
0.0227 0.1818 496.4736
0.2724 0.7273 33.3420
0.2498 0.1818 84.1782
0.1367 1.0909 730.1360
0.1137 0.7273 990.0453
0.2727 1.9091 75.8382
0.3411 0.3636 998.0500
0.2273 0.6364 621.3783
0.1135 0.8182 42.6744
0.0455 0.7273 806.7653
0.2047 0.6364 830.1815
0.2952 0.5455 866.7165
0.3865 1.1818 784.4296
0.3184 1.6364 12.6977
0.0457 1.5455 445.5461
0.3866 0.4545 181.0106
0.1365 0.4545 896.0010
0.1364 1.4545 175.9038
0.4543 1.1818 687.7176
0.4776 0.1818 678.6816
0.0910 1.7273 395.4980
0.1820 0.3636 812.2609
0.4320 0.6364 459.7569
0.1137 1.1818 189.2041
0.1136 0.4545 800.7723
0.1362 0.2727 891.7323
0.2044 0.2727 341.0216
0.0911 0.2727 343.4649
0.4317 1.0000 301.3096
0.2954 1.6364 965.1915
0.0227 1.1818 192.3113
0.4997 1.8182 750.4189
0.1362 0.7273 67.8082
0.2726 0.8182 32.8925
0.2952 1.8182 446.8142
0.2274 0.1818 22.4926
0.4088 1.8182 184.1867
0.1591 0.1818 161.3557
0.4321 1.0909 517.4657
0.2728 1.8182 559.7155
0.2275 0.4545 493.1517
0.4546 1.0909 822.4291
0.3867 0.6364 549.2439
0.5001 1.5455 605.1062
0.0230 0.9091 398.7101
0.4320 0.3636 883.3332
0.3866 1.0909 489.0505
0.0912 1.0909 645.2451
0.1590 1.8182 399.7075
378 203
302 133
356 123
469 441
373 264
461 46
68 297
197 288
482 164
327 85
389 136
458 235
404 408
356 417
345 360
205 336
154 56
31 151
60 113
258 1
73 8
389 237
33 397
377 251
144 353
9 29
185 199
96 324
124 89
203 79
61 332
2 5
91 79
202 308
435 115
280 36
356 126
307 26
446 423
107 279
163 77
121 330
444 198
50 368
257 167
173 370
388 291
379 347
10 376
45 71
62 83
42 205
21 355
356 129
41 393
171 356
102 178
90 483
451 53
100 317
70 66
415 134
154 438
18 463
209 397
101 355
95 53
300 260
333 356
472 263
111 186
168 229
130 370
350 389
416 128
222 12
97 18
11 242
41 255
115 346
240 132
320 4
63 40
56 135
393 265
65 141
200 430
385 105
193 474
240 173
403 316
353 464
62 389
326 428
109 159
82 124
212 23
144 221
204 425
115 465
353 190
221 201
355 272
81 358
245 246
82 357
356 149
341 184
392 377
224 120
377 180
297 20
30 19
312 224
370 323
458 316
174 307
298 76
26 329
377 230
290 117
184 371
258 187
273 23
84 405
258 256
239 194
392 230
135 101
191 366
467 417
97 472
425 457
392 470
101 21
438 470
268 226
285 379
310 43
364 376
101 56
356 394
313 155
211 213
361 2
211 112
243 194
419 315
297 443
6 171
141 292
169 127
144 190
388 210
294 207
468 31
150 133
400 105
329 309
331 114
427 441
320 23
15 370
61 24
288 475
26 174
140 234
472 64
446 324
157 8
156 66
15 173
476 224
449 386
119 143
113 342
107 158
84 362
355 24
100 266
352 384
382 134
103 162
364 10
301 194
148 153
39 436
347 285
13 356
356 467
409 381
369 220
152 116
109 166
215 357
463 97
223 52
321 55
465 262
178 88
141 217
421 275
41 100
358 307
142 10
67 356
318 137
114 40
218 177
454 156
410 464
92 141
452 223
72 380
414 466
78 63
442 121
359 89
267 354
87 116
314 306
342 300
351 118
231 466
311 19
34 42
210 291
343 268
1 45
279 69
126 394
387 53
1 256
156 72
33 374
110 402
441 445
406 335
258 367
103 336
216 381
441 106
139 421
303 461
352 480
188 462
117 250
191 94
270 375
319 131
243 239
294 64
57 83
65 292
45 306
281 328
109 259
122 11
44 249
332 167
156 289
269 467
146 241
276 260
78 40
283 167
393 104
197 475
326 83
274 31
431 373
146 339
130 323
367 187
369 257
381 185
271 85
217 185
143 396
179 419
112 213
28 278
298 133
271 296
397 401
99 408
448 232
103 276
184 271
85 70
329 291
187 131
270 365
249 161
249 120
62 136
326 400
216 60
408 181
336 42
55 375
290 250
346 465
191 46
232 87
246 54
429 402
482 52
359 90
453 383
18 51
137 77
321 142
342 25
292 228
96 106
53 38
380 95
281 339
37 322
106 324
404 99
275 139
286 5
287 112
170 368
455 478
322 175
293 415
129 123
169 189
182 375
161 234
138 375
22 203
316 477
274 151
57 62
398 338
422 246
66 344
372 253
252 184
341 271
299 275
317 41
301 220
416 233
80 416
82 89
452 108
356 201
473 329
345 75
7 93
164 218
14 406
100 485
255 393
238 86
178 169
17 200
364 252
63 33
459 278
299 32
215 401
331 40
86 269
337 416
371 252
281 390
196 200
334 8
240 42
155 286
113 216
64 439
67 253
180 251
350 157
349 347
147 157
180 415
220 194
426 261
304 126
48 388
3 7
273 212
412 468
426 343
35 215
151 388
117 148
11 279
196 448
452 68
449 483
269 74
310 354
244 105
429 110
125 5
414 118
217 340
9 235
159 450
106 445
172 415
465 195
77 229
358 121
222 424
442 224
351 414
187 456
121 471
222 385
270 138
46 303
365 429
128 337
331 411
356 245
245 149
479 399
111 479
298 241
119 396
2 259
203 407
323 308
474 51
19 176
129 284
462 39
257 283
290 214
27 444
374 397
254 372
89 49
93 8
440 411
158 212
427 134
430 444
152 186
455 349
125 286
14 325
472 439
356 253
424 435
16 450
401 35
36 143
312 120
339 241
391 131
74 86
1 71
88 160
117 153
401 209
437 201
308 434
127 178
45 314
277 310
481 356
111 399
22 407
24 332
356 335
321 145
381 199
475 455
36 306
287 457
198 447
56 438
311 30
155 419
302 298
198 27
212 107
447 80
308 284
362 363
236 159
206 398
249 234
48 151
432 128
88 102
356 437
446 47
359 192
144 201
227 63
427 382
319 391
358 330
169 118
238 460
253 254
59 167
270 429
322 264
345 122
229 459
352 58
406 325
236 450
350 237
163 229
166 159
305 155
80 233
476 442
105 98
263 97
108 68
110 352
481 226
84 363
411 460
286 313
248 284
267 310
49 359
440 331
32 275
411 238
72 95
75 122
348 222
82 215
279 242
443 50
348 385
16 466
213 295
12 424
458 9
338 282
13 446
338 206
347 455
83 395
23 4
214 170
55 182
50 297
76 241
200 444
68 20
458 403
11 247
353 410
112 457
332 59
28 399
246 277
93 334
24 272
13 333
477 153
265 19
360 372
50 170
9 453
261 3
356 406
277 43
480 384
55 145
471 442
79 378
120 44
129 248
3 426
257 220
418 328
52 164
457 204
133 407
426 268
3 93
90 192
39 188
296 85
54 245
462 474
90 449
5 361
338 262
425 405
469 427
164 177
433 152
464 436
418 281
219 252
103 260
292 32
422 277
198 80
268 183
26 309
225 294
316 153
18 474
265 104
456 131
183 226
232 196
425 84
324 47
450 466
196 17
180 293
290 170
350 147
318 77
231 414
217 92
282 262
165 30
73 157
37 175
322 373
58 110
399 278
356 30
140 266
2 109
70 327
269 413
116 433
115 424
484 86
461 453
176 265
162 336
81 307
10 321
94 325
363 160
111 152
197 386
216 409
423 13
64 207
244 400
373 320
116 232
128 354
432 354
134 172
225 396
363 88
464 39
383 461
189 118
185 340
177 408
143 280
385 98
181 177
32 228
25 113
407 150
52 452
420 36
165 356
95 387
459 168
372 345
342 260
451 126
238 484
70 344
91 37
197 449
38 451
202 284
420 306
72 454
356 226
462 193
459 208
428 400
434 323
29 453
34 240
356 6
294 396
291 473
227 33
266 234
219 364
305 419
431 320
467 413
366 46
412 31
325 191
390 339
132 173
304 451
66 289
438 392
107 69
122 247
295 6
195 262
79 37
278 208
213 6
478 475
326 395
266 485
315 179
