500 1200 2 208 185
759.6525 133.0246
0.3452 1.3164 293.5974
0.2402 0.5415 123.9622
0.2581 1.2419 182.9570
0.3521 1.6053 248.3811
0.4409 0.8421 853.0616
0.4961 1.7083 537.9119
0.2718 0.7395 508.0786
0.6999 1.9847 166.9311
0.7568 1.2420 500.7547
0.3952 0.2848 891.4963
0.9551 1.9849 998.7993
0.3681 0.4139 381.2553
0.4497 0.0477 944.8167
0.5200 1.2419 713.4922
0.3539 0.5418 26.3860
0.5938 0.2851 981.4462
0.5799 0.1568 535.9394
0.7612 0.1565 98.1210
0.4331 0.9078 202.8754
0.1669 1.9847 893.1678
0.3949 0.8419 143.4340
0.2568 0.2848 853.9126
0.8461 1.8803 415.2376
0.9242 0.4138 275.7543
0.5809 1.3166 744.6796
0.6349 0.6675 694.0305
0.6348 0.7396 254.3169
0.9320 0.2851 550.4449
0.5447 0.0481 816.7894
0.4697 0.8418 800.7882
0.1208 1.4323 582.2848
0.5682 1.8802 618.6783
0.8437 0.2848 490.3013
0.1041 1.6056 759.2292
0.9479 0.5418 226.1155
0.9061 0.6674 606.0004
0.1430 0.9081 363.5317
0.7652 1.5188 229.6038
0.7471 0.0480 659.2054
0.6462 1.3163 219.2934
0.3087 0.9080 960.0079
0.2939 1.7085 288.8001
0.2108 0.0477 19.8663
0.2772 1.9845 758.1645
0.4798 0.0479 785.6303
0.3077 0.7395 942.6728
0.0447 1.7081 880.0376
0.8948 0.8417 107.7394
0.5737 1.9847 668.7451
0.2318 1.9849 381.7525
0.4210 0.6671 642.8931
0.0661 0.1563 898.5130
0.2968 0.2853 431.6772
0.2072 1.1659 122.3622
0.1730 0.8416 239.2596
0.6110 1.8801 325.1048
0.3351 0.3724 418.4649
0.8201 1.4324 971.7884
0.8872 1.5193 49.3373
0.7747 0.2850 636.0606
0.7790 1.9846 681.1184
0.7931 1.4323 928.5141
0.1468 0.0476 225.5741
0.8531 0.5415 280.8048
0.8620 1.4325 107.0426
0.3728 0.6671 65.2111
0.8338 0.1565 981.5929
0.9449 1.5192 20.8291
0.4548 0.3723 901.3384
0.6549 0.3724 401.1928
0.6541 1.6054 676.3665
0.6931 1.7083 974.3954
0.7672 0.8420 519.7007
0.8039 1.9846 30.4543
0.9318 0.7400 275.6019
0.9657 0.9081 404.2398
0.3499 1.4323 942.0331
0.5768 1.7085 160.5070
0.1371 1.8805 719.7131
0.9058 1.8802 179.4444
0.1939 1.0816 425.9146
0.1821 0.7397 448.4760
0.1139 0.9076 166.8200
0.4159 0.4143 37.6453
0.4759 0.7395 285.2705
0.7447 0.4139 796.3617
0.8498 0.3721 318.3998
0.6130 0.9081 598.3760
0.3762 1.6052 848.3139
0.7498 0.9081 604.8441
0.0478 1.3167 554.2136
0.0478 1.9845 898.0106
0.0721 0.2852 245.4793
0.1578 0.1567 565.0733
0.8310 0.4139 50.1911
0.5940 1.2421 919.0812
0.9182 0.1564 776.0691
0.1250 0.0476 841.0232
0.8761 1.6053 443.2037
0.4749 1.1657 89.7531
0.3200 1.2420 206.6336
0.9597 1.4328 185.7470
0.2938 0.9077 216.9565
0.8668 0.6671 446.6899
0.3111 0.5418 599.8852
0.1381 0.3725 690.2862
0.8217 0.2851 518.7431
0.6768 0.3724 578.1287
0.2501 0.9080 304.3646
0.5349 1.9846 692.1388
0.7647 1.0819 387.4799
0.9168 0.9080 776.0714
0.5202 0.7398 797.0385
0.8939 0.0478 120.5519
0.9228 1.1658 600.3574
0.1441 1.6051 517.0897
0.3659 0.2848 514.0426
0.7862 1.6053 714.9053
0.4902 1.2423 607.8277
0.7089 0.4141 715.6228
0.6411 0.5416 858.8974
0.6631 1.1659 927.0360
0.8222 0.0481 60.4739
0.0312 0.2851 906.2800
0.1481 0.8420 502.8780
0.6762 0.2848 316.6294
0.2630 0.6671 481.9131
0.8609 0.1563 221.8016
0.3190 1.3167 521.2764
0.1700 1.1657 665.4912
0.1820 1.8803 431.4745
0.2029 1.7081 893.3393
0.0832 0.6672 922.5279
0.6587 0.6675 885.7322
0.5140 0.6673 599.9577
0.8750 1.2420 51.2107
0.3917 0.9080 890.9694
0.8689 1.0817 867.5898
0.4592 1.6051 937.3053
0.3177 0.1564 638.7497
0.0671 0.9077 69.8183
0.1652 0.7397 132.0155
0.7197 0.0476 80.9610
0.5279 1.1657 556.2112
0.4581 0.1565 851.2727
0.0927 0.7400 6.1359
0.5220 1.6055 437.4113
0.4111 1.6055 637.5869
0.4701 1.0820 164.0390
0.1769 0.1566 306.9646
0.7360 1.9844 354.7292
0.7447 0.3725 451.9351
0.3478 0.7396 355.7298
0.5062 0.9080 219.1610
0.4147 1.7082 632.3608
0.3507 0.3724 61.7772
0.2500 0.1567 682.4215
0.2552 1.1658 449.2197
0.9489 1.3166 528.2740
0.4589 0.9077 480.1971
0.0438 1.0817 192.6111
0.3930 1.3162 386.5362
0.2130 0.1564 68.2021
0.5731 0.3721 334.7195
0.7960 0.1566 761.4700
0.2977 1.1658 461.5385
0.7007 1.6053 349.3576
0.7568 1.4326 508.2009
0.3312 1.9849 897.0746
0.9077 1.3165 432.6661
0.4019 0.3723 409.4219
0.7998 0.7398 44.4018
0.6842 0.9076 644.8874
0.1982 1.6053 972.1245
0.4620 1.5192 761.7268
0.1590 1.8803 459.3072
0.5552 0.6675 895.5063
0.7402 1.3164 247.6847
0.7849 0.9080 441.7986
0.1822 0.0476 927.0399
0.5447 0.7395 996.5808
0.5267 1.3163 536.6494
0.9007 0.3725 446.8119
0.1017 1.0819 101.2997
0.0000 0.0000 988.2139
0.4938 1.9849 605.5982
0.3842 1.9848 192.0420
0.1699 1.6056 404.7622
0.7440 1.8803 122.2860
0.6678 0.9080 469.7450
0.8027 0.9079 486.5061
0.7897 0.6671 593.2639
0.6211 1.1661 643.2995
0.3121 0.4141 521.7690
0.4422 0.7399 762.9821
0.3809 1.8804 686.5307
0.2391 0.2852 824.9547
0.2307 1.3167 847.8336
0.4988 1.8803 370.0678
0.1769 1.2418 951.9645
0.7669 0.3726 979.7931
0.3312 0.0478 958.5657
0.5118 1.6056 550.4066
0.2841 1.8801 407.1875
0.5608 0.9081 611.5523
0.7577 0.7398 684.0238
0.0308 0.0479 119.6378
1.0000 0.0000 229.6990
0.2262 1.5188 417.4501
0.8209 0.5414 241.5140
0.7019 1.1656 696.3185
0.3890 1.1656 342.1233
0.1662 1.4328 461.8247
0.5218 1.7084 198.2755
0.0919 0.5418 630.9728
0.0758 1.7085 197.4279
0.4761 0.1563 958.1816
0.6752 0.4140 531.7154
0.2240 0.9078 290.4318
0.2050 0.2852 199.6105
0.5991 1.4327 745.6641
0.7839 0.0478 763.9589
0.1852 0.9081 138.9952
0.7137 1.3163 195.6257
0.4189 0.2852 209.3521
0.5202 1.4328 362.6024
0.3102 1.0819 421.0986
0.4251 0.0476 502.2620
0.0597 0.6673 147.9071
0.5518 1.0817 396.5290
0.1271 1.5192 519.4665
0.2650 0.0478 372.9721
0.2041 1.5191 292.5633
0.2858 0.3721 386.7946
0.8200 1.1661 408.1439
0.0770 1.5188 737.9297
0.8447 1.9844 278.1206
0.4407 1.8804 824.0726
0.0760 1.6053 525.7370
0.6389 0.9081 932.1647
0.2078 0.4141 21.5588
0.0457 0.9078 641.0447
0.7068 0.5414 755.2146
0.4167 0.3722 578.2597
0.2718 0.9078 858.1076
0.6737 0.8417 535.5707
0.9419 0.9078 869.8596
0.8500 1.6056 694.9972
0.1641 0.9077 180.1740
0.9229 1.7085 104.1884
0.2219 0.5414 357.4983
0.6037 0.3721 613.2168
0.7939 0.2850 263.1586
0.1948 0.6672 464.3017
0.8532 1.1661 68.9701
0.6897 0.1567 169.8428
0.1537 1.1659 985.4732
0.3718 0.0478 198.1652
0.8602 1.3162 927.9457
0.3560 1.7084 330.4293
0.1879 1.7084 281.0321
0.8798 1.7080 674.0435
0.3489 0.8418 562.4545
0.1878 0.3722 484.6916
0.7850 0.7400 367.2546
0.9517 1.6051 164.3323
0.8337 0.9077 519.4671
0.5812 1.1659 174.0424
0.4929 1.3164 736.1042
0.2247 0.7395 111.5505
0.0351 1.2418 954.1331
0.8738 0.0480 361.2053
0.5447 1.5189 574.5294
0.6301 0.4138 373.0713
0.5310 0.5416 864.4444
0.3000 1.5188 563.3408
0.0477 1.6051 251.1757
0.3761 1.7081 732.5627
0.5821 0.2850 984.4581
0.0772 1.4327 61.7237
0.5887 1.6056 656.1579
0.0911 0.9079 561.2096
0.6477 1.5189 697.1365
0.0881 1.8803 312.9095
0.4290 1.9848 925.8889
0.3591 1.0820 813.2760
0.5809 0.6672 596.3586
0.0657 0.3726 226.2416
0.2327 0.8418 11.0062
0.4691 1.8803 303.6591
0.7521 1.1659 811.9176
0.3460 0.2852 94.2700
0.6507 1.7081 245.3702
0.2807 0.4139 503.1855
0.6057 1.6051 675.9216
0.8910 1.6055 462.4371
0.7161 1.8801 260.7392
0.6431 1.2423 362.0107
0.6922 1.5191 922.4873
0.5338 1.8803 671.7760
0.0538 0.3723 450.6211
0.8938 0.4138 845.2247
0.4202 1.0815 206.5152
0.4731 1.3166 244.1917
0.9169 1.9848 95.8743
0.7037 0.9080 968.9785
0.8729 0.7398 19.6493
0.5018 0.1564 271.8224
0.1100 0.8419 655.2856
0.0849 0.2848 329.9525
0.2077 1.4325 124.5359
0.0389 1.4326 198.1293
0.1972 1.3164 508.9139
0.3102 0.2850 224.0772
0.8621 0.2850 934.8672
0.1068 1.2422 307.9561
0.6082 0.0481 492.3856
0.6680 1.4323 641.6570
0.5498 1.6051 769.5324
0.2839 1.6055 238.0252
0.5881 0.4142 544.2631
0.8072 0.3723 346.9673
0.3147 1.6056 370.4231
0.6127 0.7396 611.5322
0.4431 1.4327 951.1503
0.8687 0.3726 777.2619
0.4868 1.4325 647.4729
0.6760 1.0816 681.9569
0.7082 0.3723 319.9038
0.3921 1.4323 162.4051
0.4568 1.1658 887.3872
0.4177 1.2418 90.2661
0.4692 1.9845 111.5340
0.2147 0.3721 864.7982
0.7730 1.6052 133.5696
0.4388 1.6053 324.1207
0.7401 1.7080 710.5021
0.8609 1.8806 189.1591
0.7527 1.6053 381.7355
0.3818 0.1567 742.6258
0.8849 0.7396 133.2080
0.0341 0.1568 323.9260
0.7917 0.4142 243.5803
0.9419 0.7398 97.4055
0.9569 0.3725 732.6743
0.6280 1.5188 983.3745
0.1520 1.7081 210.5403
0.7099 0.7399 15.5449
0.5602 0.1563 20.4629
0.8770 0.9076 889.2237
0.1678 0.5417 267.1247
0.5298 0.3722 623.7389
0.0988 0.3721 357.4716
0.5639 1.5190 941.4565
0.7169 0.1564 167.6500
0.2211 1.6055 84.8975
0.3522 1.1658 769.0649
0.5812 0.9080 586.3506
0.2601 0.7398 750.7671
0.0798 0.0478 641.6092
0.1470 1.9847 901.6617
0.6399 0.2851 388.6452
0.3371 0.1564 889.3126
0.1569 0.2851 273.4574
0.8187 0.8421 76.5356
0.1008 1.7080 47.8087
0.9620 1.1656 560.3940
0.8379 0.0476 539.0961
0.6637 0.0476 571.4792
0.6217 1.6056 605.2719
0.2418 0.4141 794.7318
0.5209 0.5416 187.8227
0.5442 1.7085 269.4705
0.5619 0.0480 730.1657
0.1471 0.4138 265.7020
0.5578 0.8417 234.5251
0.6537 0.7399 946.9271
0.3889 1.6051 321.1576
0.4060 0.0476 492.5643
0.6969 0.8418 467.0035
0.7689 1.2418 301.2294
0.4530 0.6673 766.5237
0.4308 1.1656 967.5017
0.2278 1.8801 553.4055
0.6828 1.6054 62.4809
0.4510 0.2853 957.3358
0.4851 0.2852 461.0575
0.8501 0.8418 539.8520
0.2862 1.4326 980.6944
0.5490 1.1660 297.0579
0.7302 0.6674 521.0246
0.1030 1.9848 484.8877
0.6908 1.8805 195.5510
0.7007 0.2850 402.0039
0.7100 1.7081 645.8259
0.3129 0.6671 385.5646
0.4817 0.4139 259.2830
0.9422 0.0478 200.8722
0.8141 1.8804 873.0077
0.4187 0.9080 331.7681
0.0391 1.1659 804.3329
0.5917 0.5413 182.8814
0.4949 0.9080 119.8744
0.0700 1.1658 203.0558
0.8139 1.6053 836.4812
0.2421 1.7085 694.2305
0.8489 1.5189 966.7215
0.4557 0.5418 319.9638
0.0982 0.0476 277.7174
0.3888 1.5191 746.5547
0.1190 1.6051 541.8614
0.2302 1.4323 749.0107
0.1038 0.1567 127.4222
0.7717 1.7084 649.1671
0.5759 0.7395 836.2730
0.8071 1.7084 562.0923
0.2969 1.8801 398.2460
0.4610 1.7084 352.0248
0.6741 0.1563 878.3133
0.3159 0.0481 77.5837
0.7539 0.6674 440.6309
0.1282 1.1661 715.1209
0.4301 1.5190 341.5950
0.9579 0.8420 853.5035
0.1548 1.3164 467.4836
0.4017 0.7397 670.3555
0.5168 0.3724 567.5177
0.9489 1.2420 249.9075
0.0307 1.8806 426.1358
0.6307 1.7082 414.3386
0.9462 1.7080 421.1409
0.9518 0.2852 326.4305
0.3458 1.5188 740.2128
0.8119 1.0817 873.3947
0.5368 0.9079 274.2205
0.9597 1.0815 382.0110
0.6237 0.1565 81.6700
0.6348 1.8806 707.6558
0.7527 0.5414 734.2069
0.6068 1.0819 236.5570
0.3292 1.4326 718.0509
0.6250 1.9848 896.6838
0.9401 1.6051 424.4856
0.3322 0.9081 718.6741
0.2721 1.0815 473.9672
0.4190 0.1565 363.2942
0.5162 0.2848 890.9611
0.8868 1.1658 946.7715
0.3798 0.7398 715.4863
0.0478 0.7395 796.0331
0.2457 0.3721 681.1676
0.5118 0.8418 409.5976
0.0889 1.5188 451.7744
0.3191 1.7084 382.6110
0.7897 1.5190 537.2539
0.8432 1.7085 963.5911
0.8490 0.9076 546.3053
0.3867 0.5415 201.0065
0.6917 0.7396 389.1012
0.8408 0.7397 930.7391
0.1112 0.4138 131.1791
0.6302 1.4324 177.2891
0.2822 1.1659 200.9636
0.0992 1.3164 260.6795
0.4272 0.7400 695.3569
0.0699 0.7397 147.5537
0.5372 0.4141 430.9644
0.6122 0.2852 46.5761
0.9441 1.8805 469.3876
0.7172 1.4328 553.6945
0.1472 0.6671 43.4378
0.6251 0.0477 304.9108
0.2652 0.8419 691.3501
0.6861 1.1657 810.9487
0.8938 0.5416 946.9845
0.9528 0.6671 965.3001
0.1310 0.2853 534.5925
0.0747 0.4142 376.0277
0.7957 1.3162 439.6938
0.1180 0.7395 41.3423
0.5749 1.4325 92.2138
0.3759 0.9076 5.8738
0.5950 0.8421 382.7688
0.8988 1.4328 186.5632
0.2560 1.6052 101.3153
0.5199 0.0481 2.4147
0.8979 0.2848 549.2474
0.7318 0.2851 54.5704
0.7710 1.1661 505.4207
0.0769 0.5417 802.1970
0.9319 0.0481 659.8836
0.2771 0.0479 994.8550
0.2161 0.6672 648.9138
0.0567 0.8421 870.4575
0.6901 0.0476 192.9935
0.3639 1.8803 697.7426
0.5420 0.2850 319.6733
0.9500 0.1563 208.6602
0.1929 0.2850 910.6762
0.7288 0.9081 580.9148
500 5
405 118
94 379
117 10
408 321
51 66
232 342
83 37
230 489
456 99
413 52
177 287
333 202
369 110
326 315
58 62
128 368
85 125
130 271
434 350
458 12
475 64
349 447
178 224
142 494
235 119
269 168
210 192
254 27
150 197
364 301
200 489
147 216
346 71
184 161
342 52
142 480
2 371
168 231
117 264
193 268
494 7
467 397
481 162
356 485
219 223
269 221
478 264
394 419
339 214
337 300
53 22
60 18
262 250
173 445
197 22
5 90
499 364
355 143
47 277
229 480
417 204
379 258
237 272
165 67
395 248
139 453
409 98
294 371
203 216
250 80
167 6
1 200
326 87
494 466
462 318
329 60
6 418
129 77
183 315
495 143
401 185
433 410
486 186
116 188
3 200
238 196
229 359
28 97
336 148
231 139
82 142
161 37
253 165
72 293
289 27
402 121
330 325
177 243
390 144
375 244
186 472
289 173
172 460
236 4
427 468
269 318
213 31
370 406
283 385
257 422
66 348
26 287
302 183
500 149
401 271
194 458
41 444
49 442
342 477
297 74
164 274
488 252
386 387
405 59
229 466
359 7
314 340
236 462
266 443
209 319
307 460
481 236
148 236
236 226
470 318
305 11
182 269
151 32
260 370
446 386
210 64
191 179
186 258
369 419
337 99
136 448
3 101
191 246
271 425
34 411
337 414
185 494
240 88
59 68
232 44
230 149
440 230
275 372
328 111
119 14
181 113
186 379
74 237
453 236
395 337
55 113
325 327
286 303
164 467
102 208
127 493
1 129
41 103
271 1
265 66
316 271
236 336
301 220
2 105
359 270
430 78
78 339
271 422
431 208
291 211
11 338
365 388
262 189
192 104
479 178
463 158
26 439
186 29
282 141
68 266
459 5
260 454
35 208
382 51
92 185
150 22
142 229
341 452
175 58
186 290
191 230
150 163
191 483
242 494
262 399
394 164
495 419
323 320
49 300
161 212
458 127
278 260
97 128
123 151
420 202
369 49
234 386
161 390
355 60
354 71
66 408
164 397
50 360
81 240
82 270
398 11
135 341
237 23
90 179
144 161
319 231
24 302
292 314
162 101
171 244
271 144
26 134
461 156
319 281
133 351
122 286
483 179
47 174
177 135
229 146
293 430
226 1
433 276
185 277
443 296
182 25
167 299
262 99
236 311
86 152
190 289
418 155
477 364
5 348
224 381
498 368
92 131
303 173
185 229
446 340
128 315
127 27
274 218
103 161
79 155
429 185
385 167
439 343
107 33
92 79
324 27
105 471
471 251
86 87
366 281
239 277
83 494
386 225
463 166
251 371
34 239
358 184
42 406
84 12
408 458
277 236
177 121
370 42
308 447
74 61
156 57
145 446
259 102
225 451
390 271
29 374
23 262
484 38
236 330
370 278
434 138
490 375
267 328
413 499
334 225
497 244
245 494
377 459
490 133
74 189
366 429
204 373
351 215
447 497
353 53
344 391
173 286
436 208
72 290
312 280
138 112
13 150
67 39
355 256
299 38
284 92
83 161
185 478
424 208
290 285
43 44
425 213
155 284
246 341
412 236
342 43
282 83
428 170
96 255
209 276
57 234
154 161
89 378
436 367
423 62
255 111
199 337
233 319
441 236
477 310
180 63
236 378
147 203
248 99
145 45
167 339
129 330
74 23
344 134
292 117
189 297
410 62
9 25
319 366
432 498
344 424
461 375
386 451
360 361
351 241
118 293
102 68
383 271
249 494
288 353
473 263
350 112
321 467
47 320
161 403
473 289
357 166
332 162
122 227
300 32
152 120
384 204
14 255
360 409
352 427
236 323
50 44
350 138
343 475
421 192
31 91
161 404
488 256
47 34
328 440
19 400
274 321
354 370
341 177
441 198
150 94
365 73
58 65
300 199
84 164
290 395
444 482
488 394
190 173
407 335
8 32
168 470
59 407
428 208
385 71
6 214
22 140
64 192
202 258
111 434
39 151
219 494
388 344
271 91
496 417
275 382
490 185
141 242
343 243
151 369
374 186
481 221
157 163
9 381
127 105
293 204
324 415
229 490
80 469
429 347
14 96
393 297
264 334
210 439
386 145
342 202
97 487
179 452
271 404
53 288
248 405
296 99
236 221
322 87
348 206
239 47
490 478
500 306
231 318
153 449
336 139
455 167
340 45
268 390
185 450
250 338
311 213
5 172
255 448
90 30
229 82
123 368
369 495
75 341
246 350
406 429
80 431
80 338
198 129
165 107
1 481
350 457
191 440
138 115
255 235
55 205
380 73
74 399
492 342
163 13
426 229
383 331
318 453
498 208
279 497
306 21
358 88
193 184
16 279
249 37
226 481
86 343
11 469
426 465
376 452
16 419
389 198
140 53
335 118
244 69
306 173
417 50
423 58
8 151
28 498
191 267
370 295
132 406
301 499
72 248
246 483
340 117
447 17
479 428
388 76
85 113
53 340
252 274
15 105
46 229
110 186
247 76
488 70
22 301
421 344
412 389
18 165
56 337
200 316
321 372
459 396
32 56
19 494
224 40
401 161
421 391
418 176
398 498
109 494
211 200
346 65
120 108
356 236
342 124
489 291
115 448
86 326
28 432
124 301
269 14
420 492
494 153
154 435
279 69
236 325
310 93
201 322
224 136
231 453
413 258
309 205
396 348
313 198
500 90
106 353
338 305
208 159
13 363
3 489
208 24
31 464
360 20
391 134
230 211
212 357
173 263
271 257
392 360
97 498
307 135
376 179
30 460
231 470
47 485
375 241
97 368
101 235
327 236
427 69
157 22
65 25
71 6
457 267
308 349
15 458
223 249
64 104
471 2
164 352
121 120
365 247
93 124
301 53
125 113
11 208
101 1
152 201
419 126
24 35
379 228
372 51
396 458
45 349
183 326
136 428
18 143
367 208
54 130
247 73
323 47
429 261
309 494
479 65
296 250
301 478
183 432
76 208
271 129
429 260
363 140
47 89
381 136
392 92
440 489
296 262
128 33
29 17
204 214
186 333
121 86
271 268
342 499
1 327
11 80
45 13
370 71
438 56
348 459
312 91
231 203
194 12
263 21
423 410
209 233
340 292
345 208
328 255
74 272
332 101
362 126
441 389
499 220
347 366
4 47
461 478
229 450
344 36
119 332
36 476
430 335
78 373
344 365
206 66
398 491
381 448
415 229
151 438
118 430
271 357
443 68
152 329
185 161
393 74
431 250
89 236
45 17
198 412
171 461
359 494
151 222
178 428
496 50
479 259
473 173
304 221
17 349
251 351
243 26
341 307
354 346
246 267
183 95
201 60
130 257
355 18
236 389
79 176
114 491
342 93
79 284
493 27
49 32
261 347
100 271
50 196
427 126
494 482
469 208
77 441
94 228
234 478
30 452
162 304
233 231
374 419
340 13
67 128
172 382
369 186
254 471
313 271
429 92
186 202
180 43
476 35
31 280
30 5
145 217
306 263
181 229
475 35
387 145
91 185
5 21
195 229
468 16
168 233
298 25
208 344
494 46
215 490
336 47
253 60
84 397
455 407
161 205
373 214
340 363
208 398
167 283
23 338
341 380
17 437
136 367
344 104
95 35
13 228
486 29
419 488
451 334
10 340
413 94
369 8
63 342
342 185
474 316
464 425
164 252
289 55
27 229
437 497
40 25
63 98
45 446
401 404
213 464
208 266
185 242
102 170
319 147
465 494
273 354
149 303
168 209
487 28
181 415
186 300
176 92
143 165
332 304
73 344
375 171
41 494
315 87
380 247
206 5
271 198
438 414
75 380
492 44
195 465
161 166
445 81
441 129
371 69
4 89
96 298
208 68
146 494
197 220
62 433
202 187
185 312
98 44
265 172
334 10
64 343
369 472
247 112
185 207
351 371
114 272
388 48
325 129
169 44
265 51
313 213
98 342
62 168
141 494
362 427
302 95
253 201
264 292
305 491
210 421
140 157
125 55
376 483
236 312
281 261
337 32
161 137
109 245
279 419
4 323
118 407
402 120
478 334
295 132
90 149
186 199
161 100
158 161
281 433
402 177
379 413
256 143
313 311
404 422
10 446
196 44
331 100
161 435
133 215
385 346
70 108
253 107
278 155
158 54
264 106
309 125
399 189
179 30
271 122
104 36
137 400
468 419
199 290
241 371
255 119
42 454
99 68
485 320
127 15
27 377
61 151
45 486
480 146
457 328
317 419
470 269
451 234
246 112
360 92
498 491
257 161
202 285
244 371
20 361
65 283
39 143
394 126
16 69
217 308
494 85
154 403
140 13
25 168
222 123
8 442
370 132
482 161
499 150
474 271
294 427
157 13
108 218
223 494
418 384
273 370
204 78
217 447
431 266
47 216
315 33
394 352
186 228
331 161
411 47
301 477
113 229
235 3
122 193
399 23
466 146
67 107
345 302
272 498
207 360
411 116
227 286
56 151
496 196
59 484
474 200
170 259
175 423
124 185
20 50
48 76
216 319
339 335
396 127
408 396
436 138
449 426
416 414
377 289
265 206
480 494
366 216
237 305
247 388
232 43
284 429
44 63
224 65
48 424
46 153
278 284
81 184
108 329
188 47
261 132
298 9
343 210
215 241
170 159
414 393
402 274
20 204
60 488
130 161
317 374
188 174
402 135
240 190
38 167
285 238
493 254
211 474
478 57
385 6
183 86
66 396
419 29
372 408
415 55
458 294
252 70
183 345
301 288
26 344
120 86
229 133
95 343
478 288
243 439
281 347
235 440
313 425
105 493
47 378
238 187
368 272
236 213
345 432
190 445
459 21
293 196
185 47
270 494
35 302
344 75
324 289
482 137
283 299
246 380
184 88
212 383
271 185
133 27
276 281
251 2
161 282
419 256
361 392
112 380
492 232
110 49
91 464
309 85
85 195
358 205
150 228
367 115
71 155
245 103
237 491
313 412
45 186
194 294
471 133
188 236
143 67
227 173
160 494
476 208
368 151
136 115
333 290
39 222
135 382
378 148
84 352
214 384
368 67
395 72
384 92
438 393
447 387
149 191
218 120
356 174
306 303
316 1
7 46
297 414
283 346
276 319
344 476
131 384
290 238
285 333
327 226
285 187
269 304
315 487
139 203
271 463
448 138
102 159
478 106
397 458
151 143
418 71
402 275
143 419
65 484
177 344
478 451
161 242
429 216
412 311
175 273
183 343
371 105
243 121
315 97
236 185
102 484
330 77
467 458
1 162
428 367
377 396
372 274
416 456
314 53
466 450
262 456
208 432
362 468
439 421
280 236
354 58
88 55
169 187
176 131
227 445
437 419
160 19
465 229
447 57
72 118
205 435
100 144
10 225
230 291
171 156
301 185
38 455
287 243
403 160
84 458
437 279
281 295
462 221
7 229
322 33
219 109
161 54
235 489
344 192
183 28
99 395
472 317
255 138
446 225
474 122
138 367
40 65
238 72
