500 1200 4 309 302
840.9966 407.6403
0.4031 1.5378 129.4437
0.1332 0.9189 988.7490
0.9291 0.3058 49.1505
0.7160 1.8120 796.4526
0.6662 1.3948 533.0447
0.8729 1.9084 525.2913
0.7102 1.9085 452.6020
0.0791 1.2208 435.6661
0.1928 0.5539 644.4571
0.2317 0.9194 246.2689
0.4768 1.3292 920.0000
0.8371 0.0194 709.8473
0.1022 0.3804 949.8040
0.9319 0.9698 601.6927
0.1018 0.1926 881.3217
0.8250 0.9699 804.0048
0.9387 1.5140 140.8819
0.2227 1.9085 609.8977
0.4010 1.1695 754.4531
0.1351 0.0688 449.6039
0.9347 0.6994 164.5196
0.4789 0.3057 833.9389
0.4098 1.5139 950.2278
0.1047 1.4137 631.0571
0.7349 1.5144 902.4237
0.8177 1.9087 695.9590
0.4672 1.9082 31.3437
0.6600 0.3057 630.8987
0.8258 1.9439 408.7919
0.5108 0.7732 136.6425
0.8560 1.5139 605.5471
0.2449 1.2212 415.6766
0.5922 0.3056 488.1736
0.5630 1.9086 545.2880
0.7177 0.5542 98.8483
0.1932 1.1306 495.4194
0.3118 0.2344 334.0389
0.6729 0.4009 245.0916
0.0777 0.0683 567.2679
0.6049 0.3806 214.6984
0.3132 0.9189 846.9436
0.9682 1.2212 854.0954
0.4048 1.6827 743.7372
0.2000 1.8124 675.3318
0.8730 0.1923 424.6241
0.2917 1.1696 914.1354
0.5499 1.2207 456.5244
0.0298 0.4011 537.6782
0.8038 1.3949 590.4322
0.0467 1.5144 202.8895
0.8698 0.7731 747.3835
0.4041 0.5539 196.8774
0.7170 1.1310 212.6486
0.1357 1.9439 943.1324
0.8838 0.9192 578.9531
0.7869 0.5544 868.8206
0.3979 0.2344 454.7233
0.1541 0.7731 688.0015
0.5378 1.6101 466.6068
0.1730 0.6994 653.4296
0.7130 0.1926 785.3854
0.9427 0.2345 146.2308
0.5932 0.9695 974.4224
0.3861 1.7843 907.2205
0.8692 1.2211 569.1214
0.5392 0.0193 491.1209
0.6927 0.0192 959.1428
0.2718 1.9439 418.8734
0.8868 1.0551 361.2616
0.5391 0.9698 391.6704
0.8979 0.7732 235.8923
0.6241 1.5139 946.0207
0.7742 0.0195 664.7452
0.0679 1.8124 390.4993
0.2019 0.7731 168.4978
0.3191 0.0685 7.9000
0.1838 1.8120 695.0675
0.5719 1.1305 396.9625
0.8078 1.0549 187.0719
0.6067 0.6086 19.5404
0.3799 1.9439 495.7204
0.8287 0.6085 5.7365
0.4710 0.1923 939.7576
0.7457 1.3294 655.8448
0.5140 0.0686 488.1445
0.8781 1.6102 881.9269
0.3802 0.7730 522.5743
0.5430 0.5147 930.9501
0.2820 0.0195 8.5443
0.3868 0.6997 233.9755
0.8351 1.7848 2.3513
0.3899 1.9086 201.7682
0.8692 1.6826 659.6377
0.4038 1.2207 232.4143
0.2038 0.4013 973.9641
0.0661 0.7732 626.2107
0.1882 1.5142 754.3826
0.4448 0.2342 523.4044
0.1368 1.6824 479.7878
0.2738 0.6993 748.7208
0.9569 0.0684 122.3256
0.9198 0.9194 485.0290
0.0808 1.9438 500.7854
0.6412 0.7730 438.0147
0.8247 0.5542 477.6606
0.2799 0.7730 333.6385
0.5129 0.9194 978.3125
0.2370 1.5379 828.5991
0.1988 0.9193 479.8207
0.6770 1.4139 468.7720
0.6371 0.3056 136.1489
0.4762 1.2208 756.9725
0.4532 1.0553 87.1968
0.2688 1.1309 201.5564
0.4999 1.7845 944.1208
0.5949 1.1695 134.8166
0.6617 0.9697 352.5117
0.7640 0.0687 262.2918
0.2130 0.5147 650.5437
0.5239 0.3056 644.0550
0.6902 0.2343 528.8820
0.6121 1.9085 955.7516
0.2771 1.0553 124.1011
0.7279 1.6826 964.0489
0.9098 1.9084 22.9534
0.8029 0.6086 338.7233
0.3212 1.5381 624.0820
0.1471 0.6996 736.8883
0.7390 0.7731 788.9288
0.3462 0.3058 385.0207
0.1499 1.3950 670.7229
0.1632 0.4012 394.8495
0.9359 0.8466 528.4540
0.6631 1.0553 385.2227
0.6589 1.5377 185.8980
0.7342 1.0550 418.9469
0.0432 0.0687 29.7383
0.1861 0.5144 582.0842
0.7299 1.7845 729.4666
0.2699 1.7848 259.9272
0.9558 1.1307 162.9194
0.3208 1.6829 126.1749
0.1961 0.2341 458.7702
0.4709 1.1696 651.3983
0.8292 0.5146 207.1974
0.1548 0.5543 919.4072
0.6577 1.5141 225.2582
0.5901 0.2342 777.0991
0.6688 1.6827 685.4594
0.0481 1.6100 289.5792
0.8471 1.5381 325.1853
0.9302 1.3292 507.7199
0.3381 1.9084 104.4855
0.3477 0.9192 670.2652
0.8551 1.1699 806.3012
0.5419 1.5141 309.8749
0.4312 0.6088 597.9294
0.2840 0.9190 561.3133
0.8701 1.7845 13.0287
0.5288 1.7848 625.4180
0.6792 1.8122 944.7819
0.9672 0.3806 4.8644
0.5321 0.5539 489.0922
0.4101 0.7732 315.3260
0.4657 0.9189 314.1985
0.1398 1.6104 466.1603
0.4807 1.4137 917.0203
0.9440 1.3949 924.8544
0.4332 1.4136 969.8557
0.2459 0.6086 36.3822
0.4540 0.0684 321.0840
0.1287 1.5377 93.1103
0.9072 1.5144 199.3676
0.7800 0.6996 130.8469
0.9422 1.6101 675.0951
0.6578 1.9438 625.1333
0.9561 0.9194 183.4447
0.3858 0.0688 527.3325
0.5360 1.6824 390.2179
0.5309 0.6088 89.9650
0.1747 0.1921 826.7857
0.5527 1.6827 998.4533
0.4278 1.6102 344.4431
0.4850 1.9439 437.3978
0.6441 1.6103 492.6709
0.2587 1.5380 59.9146
0.2050 0.3807 655.8014
0.8502 0.5540 70.9977
0.1412 1.3296 901.1921
0.1537 1.4141 574.8224
0.7660 1.5377 27.3308
0.3170 0.5543 90.6919
0.5289 0.0685 697.8798
0.6311 0.0192 167.6130
0.0652 1.6826 59.4845
0.3009 0.7730 343.3329
0.3019 0.3056 263.2322
0.0611 1.4136 749.9033
0.7529 0.8467 203.3984
0.1819 0.0688 483.5429
0.7697 0.9190 686.8892
0.4531 0.0192 542.1895
0.1218 0.6085 141.7912
0.1320 0.0190 958.9279
0.3670 1.3291 534.8522
0.8881 1.3946 467.1976
0.1878 0.3055 808.3340
0.3112 0.6085 526.4752
0.4902 1.6103 608.4584
0.2109 0.5539 510.9142
0.7142 1.2207 726.0384
0.2171 1.5144 837.4617
0.4890 1.6829 165.4366
0.1871 1.7845 41.8217
0.0911 1.1305 390.6261
0.8390 0.9194 283.6249
0.2539 1.1696 284.3528
0.6659 0.8466 786.9405
0.5867 0.0683 653.7273
0.4677 0.7732 710.9425
0.6319 0.2341 118.7899
0.7779 0.7730 42.8912
0.2581 0.5543 759.4360
0.3857 1.6105 691.7974
0.3567 0.8467 683.2073
0.8950 0.4009 108.7644
0.6019 1.3945 531.6873
0.3800 1.3950 866.5034
0.7328 0.9695 529.2010
0.3630 1.2207 989.2748
0.4532 1.3293 580.6198
0.6312 1.4139 845.8555
0.0902 0.5543 415.6590
0.1952 0.8464 183.4993
0.8961 0.5542 260.0916
0.1622 1.1698 280.9063
0.3251 1.3293 791.8729
0.8951 1.2208 740.8669
0.4282 0.5540 472.4402
0.7551 0.3055 661.3810
0.0418 1.1695 539.8020
0.3940 1.3291 850.6336
0.4392 0.3804 699.2625
0.9400 1.5379 982.0227
0.7708 1.1308 394.6971
0.8259 0.2343 312.4796
0.8377 1.1309 141.8556
0.1369 1.2207 377.3939
0.0709 0.9191 496.0649
0.6158 1.2209 541.8679
0.4258 1.3949 307.3700
0.6872 1.7846 239.3981
0.0327 1.7848 915.7202
0.6881 0.6997 43.6152
0.3239 0.4012 943.1944
0.3848 0.6088 995.9840
0.5092 0.2344 606.6132
0.2849 0.6995 614.0194
0.6082 1.4138 685.5463
0.8598 0.0686 539.2783
0.0668 1.1308 614.3934
0.9328 1.7844 571.7626
0.6339 0.9695 465.8147
0.8839 0.2340 145.1409
0.4868 0.8464 326.6083
0.7461 1.5379 392.2900
0.2051 1.2208 634.9690
0.7759 0.4008 457.6036
0.1668 0.2344 301.6725
0.8657 0.9695 907.8757
0.1441 1.0553 666.4694
0.8970 0.9696 360.8542
0.8642 0.3058 186.1978
0.6409 0.5541 283.7135
0.3392 1.1310 914.6684
0.6647 0.1921 163.9682
0.6890 1.6102 675.0422
0.4047 0.3058 128.5575
0.0891 0.3059 747.4789
0.4518 1.9440 922.9847
0.1777 1.3295 982.6787
0.3842 0.1921 739.1917
0.7730 1.4139 480.3960
0.3842 0.9189 776.9774
0.1699 0.9696 242.0948
0.6832 0.3803 673.9478
0.2172 1.6825 71.1610
0.7449 0.9189 715.7108
0.4070 1.1310 477.0892
0.4899 0.6993 492.0056
0.5749 0.7730 794.5413
0.5211 1.4140 193.6103
0.7967 0.5148 78.4009
0.3607 1.9438 630.9481
0.7939 1.7844 754.4726
0.7538 1.6102 395.9109
0.5138 0.4013 532.5511
0.7031 0.5540 788.3551
0.2651 0.8466 499.3312
0.0779 0.5146 570.2437
0.6899 0.9697 79.8439
0.0000 0.0000 731.7588
0.7968 1.5144 340.7297
0.2232 1.1308 554.4398
0.3677 0.3807 479.3356
0.0569 0.6997 2.3650
0.6220 0.1921 97.3993
0.7799 1.2212 533.9324
1.0000 0.0000 306.2507
0.8359 1.8123 129.0101
0.5132 0.8465 272.4016
0.7341 1.9439 378.9756
0.8491 0.8465 793.9459
0.5540 0.1924 846.6410
0.7940 1.3296 197.1873
0.6389 0.0683 657.9170
0.6381 1.7846 877.2582
0.7827 0.1923 767.1784
0.2520 0.7733 68.8433
0.4812 1.1310 431.8863
0.4499 0.9699 258.7292
0.5807 1.3291 492.5503
0.8918 1.9442 711.8638
0.2950 1.6827 560.7782
0.0312 0.2340 876.0216
0.5687 0.6997 414.4790
0.5758 1.9440 979.9347
0.1737 0.3059 506.7714
0.1278 0.2343 145.8534
0.6578 1.3294 511.6439
0.7609 1.2211 651.7439
0.6141 0.4008 18.0884
0.0530 0.3803 121.2488
0.3099 1.0552 211.6701
0.5490 0.3802 30.3303
0.5977 0.9190 762.5304
0.1958 1.9441 156.1581
0.5361 1.3296 705.5281
0.4278 0.4010 667.6134
0.3680 1.8124 484.8728
0.6930 0.5145 585.0881
0.4222 0.5146 887.7996
0.4520 1.8119 373.3686
0.0562 1.3294 915.8423
0.8630 0.3807 303.8066
0.6942 0.0683 144.9090
0.1069 0.9189 824.2767
0.5559 1.1310 223.6879
0.2837 1.6101 417.4313
0.1058 0.8462 382.5895
0.8937 1.1698 349.5362
0.1542 1.9442 959.5166
0.7677 1.9440 153.6038
0.6248 1.9439 705.5358
0.6500 1.1307 169.2490
0.5310 0.7728 680.2266
0.2571 0.2340 305.5424
0.2792 1.4140 539.6581
0.0889 1.6829 826.5209
0.0527 1.3950 948.1493
0.9232 0.6084 57.8035
0.1688 0.3803 333.1387
0.6618 1.9083 818.3402
0.8919 1.3291 17.2718
0.4539 1.2211 212.6045
0.5708 0.2340 688.9671
0.7530 1.5143 944.6171
0.4191 0.9696 857.5316
0.2851 1.8124 919.3220
0.8451 0.4008 214.6266
0.2782 0.9699 354.5793
0.8711 1.5377 283.8182
0.2309 0.0190 589.9189
0.2689 1.3292 409.0535
0.4891 0.9695 265.8355
0.1907 1.5380 613.0906
0.0511 0.5544 287.7710
0.3752 1.0548 311.4856
0.0589 0.1925 79.8824
0.8951 0.5143 504.6801
0.4449 0.6998 156.2057
0.4182 0.8464 908.3700
0.3392 1.8122 60.6111
0.3607 1.5141 103.9077
0.4232 1.7848 930.3467
0.9669 0.1926 125.7707
0.9572 0.0193 433.4012
0.1461 1.5144 805.5977
0.8839 1.4140 633.4404
0.0887 1.5140 24.4647
0.3520 0.0193 789.7670
0.3561 1.4141 943.0274
0.3632 0.5541 203.4685
0.8001 1.8122 367.4037
0.3638 0.2345 57.8780
0.2740 1.3949 685.9856
0.4668 0.5542 157.3353
0.2388 0.9699 933.7195
0.2938 1.9087 382.0967
0.7998 0.7731 668.7101
0.5200 0.3806 161.0323
0.3110 1.2208 610.3283
0.8267 1.4138 266.7192
0.4531 1.6827 946.5982
0.3808 0.5146 212.5930
0.2067 1.3946 903.4883
0.1148 1.2211 803.3287
0.2440 0.0685 719.6507
0.3702 0.9696 633.5094
0.5268 1.5377 522.5801
0.8850 1.1310 166.2864
0.0440 0.8464 399.7028
0.6552 1.1699 418.6823
0.0578 1.9086 137.5071
0.2339 1.6828 571.8306
0.0798 0.0190 177.1859
0.6821 0.6088 948.0769
0.2822 0.1921 620.9910
0.5319 1.8119 934.4451
0.7917 0.8464 429.6066
0.4830 1.8119 93.6837
0.2091 1.4140 838.0292
0.0408 0.9698 51.7591
0.9099 1.6826 371.0240
0.6870 1.3293 337.5910
0.6322 1.2210 5.8708
0.6188 0.6083 697.3103
0.7537 1.6829 997.1757
0.6952 0.9190 814.4623
0.5680 0.8466 300.9874
0.2577 0.3807 643.3923
0.6951 0.3807 784.5144
0.9110 1.8119 959.1306
0.8791 0.3056 564.7898
0.3087 1.5141 540.2441
0.4972 1.5144 771.4098
0.7051 0.0687 523.2119
0.5487 1.0550 202.5153
0.1110 1.8119 392.2368
0.5627 0.5544 26.4805
0.8487 0.3804 604.7324
0.3281 0.9695 331.2395
0.9367 1.4141 597.6568
0.9582 1.6828 614.0873
0.6102 0.5543 618.7206
0.7559 1.1697 933.0873
0.8051 0.9696 22.9740
0.7940 1.6828 563.2221
0.9700 0.7728 141.3376
0.4810 0.0193 791.1096
0.5148 1.5380 602.2409
0.0449 1.0552 574.8733
0.1977 1.0549 320.8199
0.8340 0.6993 770.3819
0.1819 1.6102 360.7102
0.9202 0.0688 624.5834
0.7858 0.3804 433.0985
0.5690 0.9193 361.4917
0.6328 0.5148 827.9733
0.2691 1.5143 109.2652
0.8630 1.3295 625.4118
0.3001 0.1924 951.9503
0.0968 1.9085 41.2431
0.0301 1.5381 610.9967
0.4009 0.0685 182.2606
0.4348 0.9190 86.6975
0.4321 1.5377 797.3521
0.6380 0.9192 377.0280
0.1092 0.7730 942.7022
0.2051 1.7843 385.2740
0.7261 0.2345 612.7553
0.0920 0.9700 874.7005
0.0629 0.6086 771.1512
0.9570 0.5542 866.2138
0.3430 0.3805 915.4575
0.8250 0.0686 411.1514
0.7799 0.3054 81.3234
0.5511 1.3945 139.7048
0.5868 1.0548 470.9191
0.9307 1.9439 405.8664
0.5829 1.5377 896.7637
0.2147 0.9696 540.7887
0.6080 1.5139 459.7416
0.9669 1.8120 901.2421
0.7810 0.2343 448.1760
0.0438 0.3059 993.3647
0.6799 0.7730 772.3563
0.6349 1.6827 543.6346
0.3422 1.7846 301.2175
0.3158 0.5147 357.5710
0.2909 0.0688 934.5398
0.6457 0.6994 457.8991
0.0857 1.3296 285.3716
0.4591 1.5142 869.6717
0.6309 1.8121 437.5180
0.9029 1.0550 771.2128
0.2767 0.3059 122.8352
0.1341 0.9698 645.4996
0.8678 0.6993 213.3020
0.1297 1.7848 120.0140
367 266
482 452
397 163
289 271
345 441
459 38
497 197
152 42
113 53
456 276
38 162
317 340
41 154
317 160
23 384
97 212
344 8
78 123
205 242
490 95
336 234
483 72
446 355
422 358
135 266
280 202
39 137
404 43
320 289
18 399
45 386
379 491
57 197
70 63
462 418
381 106
349 464
406 110
363 7
370 268
55 216
483 156
255 95
430 104
432 286
401 335
333 13
6 125
388 198
302 8
85 193
13 497
265 30
284 466
421 343
216 201
36 452
35 341
369 115
374 237
362 13
59 185
199 129
276 57
38 268
104 174
62 273
446 211
82 361
326 196
313 133
53 245
180 381
405 342
495 161
393 138
102 430
133 309
479 63
149 124
307 314
57 98
35 56
427 326
330 322
107 412
405 297
447 229
171 85
302 50
73 67
421 419
413 275
198 97
433 125
133 177
57 130
127 186
270 177
488 385
82 126
490 132
404 213
426 446
442 165
496 14
35 180
479 438
245 155
158 10
348 446
21 449
28 111
500 253
274 208
321 271
47 330
269 462
490 119
168 461
437 67
96 469
379 302
309 125
234 106
385 115
91 310
448 86
76 178
467 25
401 22
11 228
89 193
66 184
300 138
22 431
219 193
393 52
346 66
343 340
253 195
401 243
416 337
234 468
351 309
211 331
75 412
271 442
373 465
160 149
414 294
88 459
337 352
47 338
391 316
285 482
11 47
370 226
309 361
201 288
464 156
214 470
48 138
254 164
182 64
62 3
189 493
405 440
174 129
454 361
419 7
282 437
436 392
213 209
455 349
33 120
351 308
302 473
295 428
188 105
224 404
366 257
101 276
172 349
230 94
318 264
385 64
118 73
57 314
222 174
153 399
401 120
344 493
278 187
63 201
116 275
290 196
99 359
420 177
122 312
183 224
11 112
298 88
428 277
292 25
403 389
107 165
472 452
365 94
349 224
496 16
295 4
135 481
458 321
63 429
492 196
103 302
370 162
473 223
407 8
379 15
452 215
389 228
94 237
405 255
485 471
495 139
467 451
324 253
433 262
309 141
195 302
482 154
223 300
208 256
88 332
358 436
424 93
47 322
295 394
31 191
91 295
426 413
414 302
242 396
413 446
144 114
254 492
69 141
123 334
165 412
110 283
20 200
61 101
465 178
122 480
249 302
468 382
282 118
413 365
105 126
211 461
456 101
191 266
39 373
247 134
153 354
475 339
464 388
401 33
473 163
356 311
62 45
60 100
260 456
290 326
168 206
309 162
26 6
34 343
367 410
203 306
139 295
414 54
310 394
226 341
246 485
145 293
347 423
270 496
175 244
279 328
243 297
5 425
106 319
69 79
264 61
483 292
309 21
364 461
123 348
6 433
473 306
474 380
302 412
34 77
210 473
255 187
210 9
72 147
473 146
17 244
375 70
332 441
173 31
159 262
73 12
182 209
140 470
302 306
11 365
72 1
198 390
281 360
91 444
158 41
95 132
497 269
75 90
236 407
79 141
463 18
200 379
256 157
116 365
296 191
238 65
122 353
53 355
358 494
376 172
432 297
98 257
58 75
367 481
152 168
267 248
69 496
487 174
271 452
329 462
308 152
17 173
444 309
432 434
177 102
415 324
22 366
460 435
322 251
109 423
28 121
94 374
118 437
90 106
240 246
391 81
116 94
310 295
194 437
76 379
206 389
266 296
350 75
43 224
254 356
14 309
329 418
127 72
388 390
455 415
63 438
59 209
100 208
114 304
203 170
220 164
121 33
83 357
325 379
302 325
225 299
458 70
423 472
264 62
162 345
268 459
198 302
473 203
247 351
300 210
481 410
30 382
134 479
126 417
259 25
261 452
491 76
57 307
329 325
121 221
275 452
363 122
289 123
477 240
96 412
375 123
18 74
466 412
243 22
264 246
259 360
495 7
119 138
408 373
44 115
428 448
58 412
363 343
180 80
137 302
308 331
23 422
176 92
434 62
169 392
74 500
464 212
74 253
205 94
154 398
439 92
293 226
159 91
178 379
305 243
95 187
7 26
372 175
202 450
71 420
426 211
110 367
250 413
292 259
453 375
431 187
429 468
496 301
62 477
7 421
182 179
406 396
279 486
121 61
251 330
360 292
302 253
393 473
117 263
238 152
302 423
55 102
113 438
412 347
298 256
174 126
273 286
147 292
305 297
487 129
275 114
11 338
123 320
215 36
192 473
285 498
175 309
341 370
59 1
30 220
137 373
162 332
348 413
154 285
217 46
3 162
241 407
86 151
158 412
368 321
375 458
40 297
290 381
61 485
239 397
423 2
285 41
121 471
194 67
365 242
151 372
400 51
283 403
286 40
167 360
341 188
134 136
208 170
274 88
130 197
350 412
235 188
480 26
364 331
83 143
473 239
365 231
40 240
435 384
25 147
101 309
250 425
422 360
269 282
375 271
452 285
198 384
269 197
298 274
484 309
10 412
77 439
142 324
66 450
19 46
26 394
420 51
52 239
281 374
66 354
248 344
348 78
216 311
281 402
425 84
389 173
150 464
105 56
430 311
161 4
376 108
258 58
457 332
108 224
280 81
341 459
124 277
252 317
43 349
287 253
48 333
389 227
254 220
484 433
477 264
454 499
402 32
326 80
281 396
437 66
465 89
420 199
372 244
97 464
288 429
247 411
440 473
7 480
434 457
382 429
463 414
228 396
274 170
431 475
471 240
283 228
272 177
319 90
302 150
132 48
147 467
208 60
35 80
187 362
42 351
452 302
364 152
420 129
451 296
445 440
454 71
398 482
289 413
246 61
168 364
284 154
129 222
33 221
311 102
328 207
387 456
361 105
171 379
389 5
473 274
443 389
60 128
387 309
356 30
174 254
466 371
309 474
234 319
361 235
54 103
288 265
276 307
376 156
402 46
263 136
71 499
342 445
428 252
249 347
360 493
278 22
341 105
353 29
90 258
250 47
209 183
320 348
112 413
110 131
119 48
163 440
488 182
309 226
121 111
35 427
308 65
389 49
443 168
297 339
1 467
488 64
213 224
283 367
190 24
78 355
500 214
157 298
311 291
34 27
149 385
336 412
232 259
32 267
19 144
437 346
212 460
64 439
295 448
367 303
287 99
152 331
415 287
16 447
63 458
478 425
90 58
9 300
365 205
469 100
89 373
393 192
430 218
476 118
157 180
197 143
399 74
274 342
63 468
387 12
224 172
153 92
422 190
171 465
360 302
215 261
189 281
321 375
177 16
454 174
494 422
488 149
363 421
19 402
120 22
401 297
302 300
112 47
274 203
260 276
180 298
134 263
213 183
309 449
148 33
199 177
495 419
22 148
228 251
187 339
114 241
379 346
318 45
37 357
184 280
389 478
113 378
464 455
132 333
356 291
496 309
112 365
415 166
360 392
156 167
271 453
155 351
425 426
383 34
295 424
139 252
358 392
250 426
52 473
198 50
379 219
301 229
42 309
127 224
13 207
53 438
117 301
275 289
198 212
439 385
478 251
271 409
126 254
205 237
427 417
453 289
130 278
258 100
96 128
186 483
3 309
281 267
277 451
161 295
459 332
70 378
21 361
360 190
241 302
296 448
408 200
291 104
354 67
181 346
25 410
226 380
200 373
245 134
89 391
265 356
304 452
291 174
151 31
155 446
270 16
89 81
77 115
410 451
102 117
499 21
392 156
460 198
275 144
136 79
360 131
334 378
57 83
223 210
17 151
468 336
246 477
469 60
103 416
145 226
343 252
223 192
179 209
449 71
294 81
357 197
89 294
83 314
461 426
97 388
325 181
73 476
207 325
452 398
330 250
126 492
379 465
405 332
256 274
68 294
311 265
490 163
379 39
159 444
459 370
362 130
38 332
20 379
191 151
131 281
313 71
15 181
133 71
233 146
51 71
209 127
104 218
412 154
171 89
304 241
75 234
326 180
304 36
424 444
90 381
127 1
464 172
359 253
202 391
164 87
272 14
302 74
169 156
309 262
108 186
72 467
405 490
30 254
107 458
307 260
373 204
141 411
300 146
167 169
85 379
34 369
383 160
12 480
313 420
323 122
404 253
262 444
315 84
257 130
80 427
9 146
248 407
498 472
297 286
396 374
483 376
198 24
418 181
496 447
92 27
269 143
114 19
236 241
399 327
450 184
218 199
138 239
273 477
423 249
312 92
336 458
497 207
5 84
149 317
204 416
104 487
421 139
206 443
372 17
231 242
37 197
491 408
182 140
93 448
295 93
238 42
277 185
402 230
46 114
402 374
190 23
31 303
198 360
398 371
28 471
61 276
395 57
296 277
74 439
263 63
175 424
346 316
371 165
35 298
236 217
329 269
8 241
446 308
494 464
443 309
296 151
436 494
327 354
44 369
56 341
274 445
18 327
283 396
328 333
267 46
26 161
490 397
96 302
354 176
69 263
48 302
442 452
156 436
79 263
425 227
416 137
23 494
315 206
82 174
344 302
174 51
77 27
169 360
228 403
474 235
196 87
231 228
386 309
128 203
225 164
378 53
202 346
116 144
414 103
309 177
267 189
496 229
61 98
59 124
367 25
437 418
437 73
247 245
335 40
318 62
380 235
446 78
403 303
333 302
302 464
74 153
177 447
361 174
496 141
13 132
380 309
409 368
416 294
478 227
101 318
150 166
162 226
217 267
252 124
389 251
357 143
291 254
268 162
158 472
175 151
316 219
470 182
34 122
382 225
483 108
390 464
166 455
231 11
27 439
297 332
195 359
468 225
383 369
138 52
17 309
179 253
309 62
149 59
74 489
299 468
421 252
148 221
222 400
315 461
26 4
293 341
438 245
316 379
109 2
453 123
498 41
33 111
443 17
432 457
350 234
128 306
413 116
106 196
194 66
28 240
489 64
394 4
305 475
44 77
337 68
377 233
249 412
323 29
168 309
442 371
418 325
332 345
366 148
327 184
166 287
406 281
205 396
88 342
496 117
49 206
366 278
95 405
283 303
432 332
175 444
110 25
302 377
335 297
466 165
63 336
123 355
5 227
213 179
39 20
217 114
115 160
480 323
298 341
462 282
252 340
167 292
70 438
425 330
107 368
61 257
86 175
302 416
251 11
334 375
61 148
109 10
279 333
349 415
387 260
343 122
177 430
351 411
35 126
339 255
241 215
208 90
302 486
452 114
83 395
464 50
152 309
244 309
434 273
54 352
441 457
469 58
445 473
139 419
371 284
185 1
28 40
480 6
317 383
360 344
312 353
87 234
50 390
347 2
473 397
310 433
296 86
55 117
340 383
495 26
93 175
395 37
270 272
233 473
328 325
87 254
234 299
5 49
379 408
442 107
61 318
335 111
329 207
406 131
43 142
326 492
309 480
260 476
232 110
261 302
319 75
181 437
301 102
145 380
409 442
434 3
338 322
428 124
83 282
65 152
265 382
391 280
450 280
312 176
140 489
128 469
29 12
