500 1200 8 50 200
308.0731 877.0669
0.5760 1.0625 2.9027
0.1518 0.6537 802.6385
0.3482 1.8912 593.4078
0.1000 0.5723 962.2312
0.7790 0.5722 679.8055
0.7682 1.8909 634.4595
0.2390 1.6959 47.3020
0.6277 0.6190 71.3065
0.9082 1.9086 230.6871
0.7282 1.2350 389.6593
0.9411 0.6187 4.3059
0.1140 1.4368 341.4331
0.0320 0.7793 868.1805
0.0601 1.1101 763.0005
0.6602 0.3575 753.5488
0.4298 1.1921 874.0011
0.7260 0.8645 6.7941
0.4827 0.4442 959.0242
0.8359 0.4443 260.6620
0.4899 1.5964 328.9808
0.6639 0.0600 2.8876
0.0627 1.8414 791.7788
0.0670 0.1734 298.7709
0.8022 0.7491 881.8821
0.0370 0.0083 713.7743
0.5481 1.9084 741.8866
0.2040 0.3579 982.5666
0.5618 1.2615 67.5659
0.5441 0.7798 577.0403
0.6769 0.2976 397.6451
0.2751 1.4764 871.9480
0.6377 1.2349 594.9827
0.8701 0.7490 962.2462
0.3238 0.0086 483.0951
0.3259 1.4367 490.8640
0.1920 1.0277 273.7035
0.1209 0.5105 667.9680
0.1767 1.5967 899.7976
0.6319 0.9640 212.1343
0.2862 0.4563 897.1468
0.6920 0.6537 87.0558
0.9630 1.6963 760.7733
0.6662 1.3218 143.0949
0.4122 0.9191 380.3883
0.8339 1.1099 601.7572
0.5647 0.3242 179.2060
0.9440 0.7493 519.7397
0.9307 0.9190 381.4352
0.2082 0.2059 627.3464
1.0000 0.0000 219.6717
0.2419 1.4366 542.9355
0.3669 0.6189 868.0324
0.5647 0.6189 159.6313
0.4382 1.2615 908.5238
0.2027 0.7488 9.2700
0.7459 0.3241 528.1177
0.6260 1.4366 273.2602
0.8018 1.8414 77.6724
0.6668 0.6188 304.0336
0.6450 0.2061 435.1704
0.3770 0.7488 429.9946
0.8037 1.1925 500.6864
0.8472 1.5965 707.0561
0.4579 0.8057 204.2845
0.6559 1.2619 362.0127
0.0532 1.7897 764.1583
0.9120 1.2614 129.4413
0.0740 1.4367 692.5648
0.1021 0.4439 605.3450
0.9342 0.4565 327.3183
0.4420 0.3577 445.8710
0.6022 0.9191 26.3394
0.6848 0.4444 430.4239
0.0962 0.2974 214.7891
0.7371 1.7898 89.1090
0.7559 0.5107 140.4325
0.1058 0.1730 289.3793
0.0730 1.3901 42.8424
0.8157 1.4364 587.5868
0.3388 0.7491 598.4686
0.1940 0.9640 773.0983
0.7582 1.3217 817.5885
0.4828 1.8410 774.3180
0.7499 0.5723 1.6020
0.3551 0.8060 672.2037
0.0721 0.9642 859.3935
0.6237 1.5962 497.7980
0.1557 0.2056 223.8351
0.6100 1.7417 997.7386
0.5860 0.7796 2.3810
0.8960 1.2618 498.8547
0.8480 1.4367 13.1957
0.8032 0.9644 586.1681
0.7800 0.7797 783.9928
0.2211 1.4762 605.0071
0.1908 1.3220 709.9980
0.5081 0.5106 572.9719
0.1441 0.8060 176.5933
0.2920 1.7895 703.3711
0.8217 0.2061 991.5440
0.7900 0.2974 227.0438
0.3872 1.1922 891.1135
0.2367 0.0087 897.5410
0.2662 1.8413 398.3703
0.8280 0.1733 582.2517
0.9298 1.0625 343.6561
0.6448 0.8060 842.5747
0.3047 1.3899 555.8507
0.7262 1.7413 511.7572
0.7349 1.3220 644.4730
0.8930 1.7415 387.4104
0.8598 0.1732 900.6593
0.7489 0.9189 426.8172
0.9698 1.6257 667.0273
0.7687 0.1154 62.9696
0.3600 0.5106 70.2171
0.3279 1.3897 279.0185
0.8472 0.3578 751.8744
0.1418 0.1153 113.8881
0.2237 1.3217 844.3366
0.9692 0.7798 670.8774
0.5007 1.4365 227.2432
0.4858 0.4564 282.5159
0.0440 1.8910 567.5016
0.8128 1.6252 385.9925
0.3570 1.4366 142.6528
0.9490 1.1100 819.7086
0.2271 0.7798 5.7972
0.2019 0.1732 729.7051
0.5729 1.6255 657.0340
0.0847 1.2619 341.0970
0.2351 0.8058 49.3543
0.4797 0.5104 748.9592
0.4932 1.9082 869.4680
0.8127 1.9087 628.8303
0.5391 0.4439 257.1176
0.7709 0.4442 172.5552
0.2909 1.8912 246.8757
0.0472 0.3575 362.8125
0.6717 0.9644 792.0760
0.4317 1.7896 492.4077
0.2790 0.4439 510.0287
0.4651 1.8411 969.4529
0.2328 0.4444 573.5901
0.7921 1.1102 339.2504
0.4890 1.6257 912.5939
0.0321 0.5108 484.6295
0.8921 1.1101 97.4410
0.3227 1.5143 650.2772
0.2717 0.8641 550.9045
0.5472 1.8415 427.6486
0.3127 0.4443 65.6721
0.8781 0.4562 447.1599
0.4169 0.0602 762.3477
0.9337 1.0279 813.1536
0.6979 0.7794 243.2634
0.7439 0.8646 915.4796
0.3117 1.3217 434.5354
0.4637 0.1153 951.6854
0.7017 1.4366 631.9478
0.5492 0.1731 619.4832
0.5871 1.4369 976.5414
0.3181 0.6187 895.1580
0.5199 1.1098 190.2625
0.5461 1.7897 783.4826
0.9191 0.3245 296.3326
0.1548 1.5964 41.3077
0.1932 0.5107 92.7356
0.2791 0.3577 231.0227
0.8570 1.5146 498.8479
0.9487 0.3575 98.9721
0.4252 1.6256 946.4448
0.1352 1.1097 674.6127
0.8961 0.0604 421.2466
0.3040 0.2976 182.4931
0.1258 0.7795 482.1623
0.3080 0.4566 732.9475
0.4051 1.1101 916.4089
0.1517 1.8411 183.2325
0.6058 1.9085 448.5629
0.4850 1.7413 323.4711
0.4427 1.1102 842.0577
0.4209 0.8641 252.2082
0.5708 1.0279 848.7901
0.3711 1.0627 587.1823
0.9509 1.7415 452.7152
0.1600 0.2971 709.1759
0.2451 0.8641 482.0539
0.3237 0.9641 230.0833
0.0967 0.2059 907.7170
0.6091 1.8412 737.5768
0.3010 1.6963 488.8128
0.4838 0.9642 514.0567
0.2840 0.3244 302.3070
0.4771 1.3221 475.9343
0.7811 0.0602 55.8878
0.2041 1.3901 154.1062
0.8312 1.0627 200.4299
0.1537 1.0279 282.5949
0.0000 0.0000 407.0572
0.1011 1.5143 536.3303
0.5458 1.7413 803.7291
0.3932 1.2345 905.6057
0.7910 0.4442 800.0830
0.7239 0.1729 434.6130
0.6407 0.3579 543.5366
0.0968 0.3243 835.7898
0.5179 1.6964 879.1320
0.3552 0.3241 662.5537
0.5487 1.8913 276.4050
0.1238 1.6256 48.9021
0.7300 1.8411 891.6120
0.0910 1.9669 138.6931
0.6750 0.1734 91.5315
0.4237 0.6191 714.7742
0.6252 1.4764 687.1053
0.8249 1.7412 13.9831
0.6558 1.6961 159.2648
0.8999 1.5964 50.4476
0.2912 1.2348 742.6322
0.5242 0.6190 953.6248
0.4340 0.7794 891.1559
0.8228 1.1924 925.4324
0.1557 1.9670 656.5967
0.8297 0.4564 487.2004
0.4741 1.2345 240.3114
0.3601 0.2971 785.4193
0.1362 1.6961 281.6161
0.3879 1.5965 714.8507
0.7852 0.3242 311.2961
0.2792 1.6255 533.2782
0.4119 0.9640 704.5122
0.6712 0.8059 141.6752
0.8539 1.6960 822.9327
0.5477 0.0082 472.6297
0.5629 1.2348 36.4016
0.7131 0.4565 660.3720
0.5911 0.4440 244.3103
0.3990 1.9085 306.6895
0.8342 0.6535 825.9684
0.4051 0.8645 573.2180
0.8641 1.8415 242.8800
0.0689 1.3217 569.4828
0.0639 0.8643 69.8356
0.9397 1.9671 108.9031
0.4337 0.3246 708.5980
0.7262 1.5145 21.1136
0.1249 0.4444 306.7059
0.7299 0.8060 699.2761
0.6611 1.8413 655.7040
0.0682 1.1926 344.9033
0.2129 0.4562 494.4913
0.5947 0.5721 204.9067
0.8520 0.5105 776.8266
0.3460 0.2057 795.9225
0.3507 1.1921 329.0315
0.0982 0.9645 173.0544
0.8290 1.9674 781.7233
0.9001 0.7797 768.4146
0.9108 0.4444 179.9143
0.2149 0.5718 253.9685
0.8642 1.1921 802.3079
0.5842 1.5964 343.3229
0.9617 0.4440 979.5667
0.8701 1.9087 781.5460
0.7432 0.3575 628.3033
0.4501 1.9670 116.7688
0.7038 1.1925 397.4765
0.7860 1.2617 895.2724
0.6610 0.0083 454.6579
0.4190 0.4565 981.1610
0.1979 1.4366 719.1949
0.5108 1.7897 605.8734
0.1542 1.2347 631.7296
0.3620 1.7417 258.7527
0.3912 0.0087 675.9994
0.2788 0.9193 861.3054
0.7122 0.9645 80.2126
0.9238 1.8415 546.8509
0.6121 1.1097 707.8482
0.8107 1.3216 690.2868
0.3812 0.1729 190.2071
0.1039 0.8059 814.0616
0.8842 0.5722 928.5367
0.4780 1.2618 299.1708
0.6380 0.8646 845.1501
0.0372 1.6255 52.7862
0.4150 1.4761 130.6472
0.9637 1.1921 389.7413
0.8397 0.8057 298.3788
0.3021 1.8415 141.9831
0.1199 1.1924 53.4943
0.4577 0.2058 332.1489
0.0368 0.1152 445.0813
0.6967 1.1098 486.5735
0.6997 0.9191 255.1064
0.1567 0.3575 856.5833
0.8368 0.6189 848.7402
0.0650 0.8058 88.9931
0.2960 1.7415 646.5404
0.3181 1.0275 426.0309
0.2088 0.6188 370.9691
0.4502 0.7798 190.2195
0.1731 1.6257 297.0694
0.2008 1.1098 988.7015
0.1912 1.1924 25.0280
0.9411 1.7899 499.1558
0.1220 0.5722 633.8115
0.7280 1.0626 381.2314
0.6927 1.6960 425.0365
0.2431 0.1731 448.5640
0.8300 0.2975 634.6301
0.8877 1.3221 900.6137
0.5027 0.8645 647.8731
0.3349 1.6257 774.0448
0.2312 0.6190 10.3974
0.5700 0.5106 176.0175
0.3430 1.6960 104.8254
0.6108 0.2971 958.9717
0.7717 0.8055 796.1787
0.6352 0.7797 496.0812
0.5100 0.2058 790.4639
0.9040 0.5721 714.7807
0.4268 0.7488 143.7514
0.5768 0.4562 384.4260
0.1921 0.3243 280.1405
0.3150 1.2619 109.3983
0.1687 0.6538 666.1136
0.2848 0.5722 973.1721
0.4031 0.5103 799.4139
0.6689 1.9669 872.3737
0.5512 0.2972 922.2313
0.8000 1.3897 11.6271
0.1058 1.0629 542.4819
0.8780 0.9640 41.2038
0.1969 1.6963 980.9886
0.0308 1.5964 926.4115
0.8570 1.6254 246.7664
0.5389 0.7490 772.6870
0.3851 1.2616 849.7081
0.4052 0.4441 81.8374
0.6167 1.8913 902.4566
0.7450 0.6189 115.6569
0.3902 0.5719 794.6647
0.6171 0.1734 608.0313
0.0567 0.6186 41.1603
0.3100 1.1101 528.3803
0.8927 1.2346 646.4182
0.7000 1.4765 394.8391
0.1068 1.9083 59.9078
0.4999 0.3580 234.3869
0.2801 1.3220 659.5611
0.2872 0.8059 73.2280
0.5837 1.6959 510.5511
0.2652 1.5964 93.2565
0.5708 1.3218 399.3084
0.2897 0.7798 964.2011
0.6708 0.5722 450.4398
0.1461 0.0600 394.3858
0.5689 0.8057 524.5313
0.3700 1.1100 893.6717
0.6708 0.3243 723.7147
0.8799 1.2348 137.0739
0.4202 1.6959 601.7894
0.6772 1.9085 867.3450
0.4378 0.8058 948.8423
0.0660 0.4443 281.9462
0.3172 0.8057 63.8632
0.4421 0.1729 949.6205
0.5358 1.1926 260.5791
0.7212 0.2058 544.7130
0.9528 1.4765 332.2356
0.7261 0.7490 202.8493
0.8117 1.0278 329.6795
0.6692 0.5103 53.5451
0.0321 1.6961 758.5120
0.3340 0.7794 579.5111
0.2289 1.9672 252.3076
0.2981 1.1925 906.2919
0.3450 0.1155 375.7487
0.4911 0.2971 465.0108
0.1181 0.7489 32.2683
0.8521 0.6538 875.8713
0.3157 0.1730 385.8665
0.0520 1.7417 372.7542
0.7301 1.4364 31.5415
0.8812 0.8059 7.6593
0.2359 1.1100 97.5221
0.1447 1.2617 423.4277
0.6167 0.0604 874.5140
0.4469 1.5966 413.8500
0.2599 1.2346 853.3464
0.1669 0.9189 516.9490
0.5129 1.9669 840.0845
0.1299 0.4564 198.9882
0.1270 0.6187 520.4296
0.7812 0.2057 320.1737
0.4102 0.5721 262.7372
0.4447 1.7417 415.8188
0.6181 0.4442 550.0823
0.4129 1.8911 532.0359
0.4370 0.6539 606.4354
0.9098 0.8641 446.9113
0.6089 1.3220 774.1961
0.7262 0.4444 86.0916
0.9408 0.1153 371.1527
0.3272 0.1153 22.6383
0.6828 1.6252 365.7972
0.6670 0.4566 414.8892
0.7370 1.6256 759.8972
0.4168 0.3580 225.2399
0.2909 0.0604 186.8927
0.7042 1.2618 510.7488
0.8869 0.6189 767.1798
0.8300 0.5107 732.0889
0.2222 1.1921 332.3127
0.7977 1.8911 423.2634
0.5229 1.3902 165.2985
0.8857 0.0086 32.0306
0.7848 0.4563 230.0027
0.7492 1.5966 285.0440
0.1759 1.9085 976.3578
0.1381 1.7413 859.1098
0.1668 1.8413 414.7245
0.4870 1.1925 249.0040
0.6818 1.1922 366.7925
0.1917 0.7798 18.9495
0.4060 1.4368 831.4463
0.0380 0.7493 962.1060
0.6171 0.4563 440.7104
0.7089 1.7896 913.4934
0.5402 1.4765 945.2838
0.1919 1.7900 574.5341
0.1842 0.4441 846.0843
0.1668 1.0626 488.3251
0.5297 1.6254 675.5390
0.6017 1.5141 378.1679
0.6389 1.3898 905.7672
0.0351 1.2348 540.1932
0.9437 0.1732 886.4468
0.7557 1.9669 252.8319
0.3822 1.8412 821.6915
0.9561 0.5106 41.7262
0.9002 1.4368 473.0160
0.3249 1.9084 778.6457
0.2898 0.5108 84.0814
0.2902 0.2061 398.8888
0.2151 1.7413 882.1201
0.6428 0.7493 777.9153
0.4522 0.4442 466.9625
0.4171 1.3901 729.7417
0.2119 1.9082 840.0042
0.2811 1.7900 368.5804
0.4269 1.4368 295.9128
0.8289 0.7796 774.6364
0.4668 1.3218 824.8478
0.5860 1.1925 543.0943
0.7207 1.6960 186.2901
0.5001 0.8059 812.6994
0.8858 1.8914 189.7554
0.8342 0.8641 396.5739
0.1297 0.8645 257.0668
0.1792 0.0602 56.0078
0.6550 1.1099 692.1684
0.3777 1.3219 552.9605
0.8330 0.0087 449.8001
0.3312 0.6535 908.8538
0.5279 0.5719 511.9111
0.7059 0.1152 751.2180
0.2311 1.2616 584.0708
0.8918 0.2057 669.0276
0.7940 1.4761 808.9754
0.4532 1.0279 623.9996
0.9547 1.3217 566.1926
0.5360 1.4368 839.5101
0.7668 1.3902 514.1171
0.3698 0.4563 424.8225
0.6418 0.1156 700.0653
0.3698 1.9670 605.0448
0.8022 1.5963 568.2055
0.2577 0.2976 35.0951
0.1368 1.4368 479.5099
0.1012 1.3220 291.3595
0.0597 0.4565 687.0410
0.9667 0.8057 983.4439
0.8339 1.7895 377.9776
0.1727 1.8909 993.3055
0.4877 0.1731 509.1329
0.8189 1.6964 139.4230
0.9520 0.9644 354.4616
0.9002 0.2976 159.3761
0.1030 0.9193 872.8670
0.4587 1.0628 848.8203
0.2699 0.9645 902.3599
0.9588 1.3898 413.2631
0.9558 1.4364 220.2149
0.1631 0.4563 756.2718
0.4517 1.5144 82.2087
0.1151 1.4765 815.5979
0.5527 0.9644 326.2521
159 380
353 132
300 275
187 60
180 331
50 70
492 393
132 98
57 78
167 337
68 499
67 313
360 459
317 84
20 130
342 134
358 317
450 271
473 184
236 65
139 326
366 85
384 282
395 484
170 50
246 209
231 192
493 199
240 41
264 153
236 62
297 139
309 198
432 288
52 468
383 47
133 123
333 313
374 184
212 165
142 497
20 408
471 491
158 78
200 367
380 154
142 40
62 226
14 173
149 372
5 284
130 234
324 61
105 205
57 162
163 2
440 471
407 119
274 439
51 78
6 417
214 60
439 131
38 167
51 272
461 403
74 190
179 22
108 281
475 95
335 93
425 16
305 416
78 456
294 369
180 26
450 477
31 95
100 101
66 151
200 385
401 3
46 319
488 119
394 267
15 238
346 329
462 244
383 33
66 424
211 304
20 263
199 36
62 223
326 194
166 491
465 158
35 78
24 402
138 350
237 76
499 95
72 44
237 260
262 289
245 50
492 140
146 172
151 191
463 380
51 35
394 331
78 272
196 466
466 245
112 406
218 89
6 212
261 329
37 4
355 201
359 200
293 345
168 308
258 441
201 432
387 121
460 417
66 104
39 140
87 410
128 357
440 112
231 355
303 324
280 164
212 431
93 278
75 217
124 179
370 178
370 425
218 310
70 264
350 3
315 231
201 95
475 78
428 454
297 69
248 484
395 497
390 469
307 186
50 403
110 43
408 410
281 269
487 424
303 233
135 265
173 306
74 60
108 197
199 81
45 309
181 364
117 451
326 227
492 189
175 481
348 363
400 238
120 96
408 263
165 273
193 500
91 313
492 200
192 7
131 465
423 385
492 278
151 273
254 443
425 392
179 424
176 61
124 200
23 190
231 304
163 316
90 324
142 144
138 487
50 11
478 159
345 159
444 438
27 169
372 50
389 470
236 32
406 115
59 467
259 47
85 368
417 279
89 109
79 472
364 318
290 157
44 335
34 21
85 241
108 82
492 494
19 260
293 255
90 321
139 209
435 334
79 386
357 61
214 478
210 342
307 279
455 94
50 406
177 37
482 272
384 311
179 66
342 365
50 171
65 32
48 50
404 356
325 76
477 177
237 409
243 483
476 313
393 157
405 118
131 200
42 338
149 472
78 465
66 300
78 197
483 96
90 29
259 121
88 49
301 493
264 50
462 188
99 141
124 487
361 347
329 446
284 323
303 459
366 183
335 277
353 176
56 30
317 97
90 449
107 303
443 50
109 217
131 243
119 369
23 200
27 248
349 201
269 91
75 486
213 200
182 457
383 11
449 467
456 131
85 357
58 212
186 111
236 28
466 270
350 200
107 360
337 201
415 284
492 257
96 131
247 170
449 339
151 401
116 123
240 343
61 128
410 42
206 15
80 55
76 430
52 215
161 488
492 157
14 334
371 319
448 423
37 147
384 190
387 90
275 399
208 354
495 333
217 486
294 200
437 498
70 443
157 461
173 305
276 34
196 419
30 101
348 289
169 411
47 50
45 435
152 142
367 297
210 191
412 463
331 235
143 66
14 200
436 130
345 161
68 12
13 55
201 391
308 261
460 50
42 125
288 31
408 42
351 142
476 438
307 111
362 411
353 427
500 492
322 293
216 201
495 444
397 100
124 22
209 194
287 200
256 439
314 286
221 2
472 444
319 332
303 360
318 275
50 471
155 490
146 218
438 418
430 18
500 184
6 342
379 256
62 464
458 310
25 359
85 377
374 106
274 392
108 92
128 427
496 444
364 202
45 493
317 375
123 325
215 468
201 31
100 471
350 213
291 442
50 166
37 40
152 177
437 421
335 492
8 2
160 31
407 380
116 329
209 297
50 186
428 126
432 216
182 435
358 53
9 460
148 45
32 413
154 412
198 374
208 364
65 43
289 50
403 113
434 497
101 230
467 339
16 439
17 249
209 381
490 50
200 244
187 207
227 381
37 497
320 29
86 200
323 254
7 336
200 299
99 202
303 29
428 78
206 238
186 234
297 27
127 106
225 260
409 405
369 282
367 139
433 399
253 358
200 334
9 417
42 114
32 62
377 324
415 76
15 266
362 351
400 409
291 138
110 82
450 341
455 259
209 27
492 188
296 403
217 111
213 422
49 282
372 170
237 420
453 433
157 277
183 85
450 123
259 387
2 429
317 5
319 246
134 26
345 214
197 43
185 435
116 344
119 294
53 8
421 410
456 195
238 136
309 374
200 346
467 343
258 270
1 374
126 499
27 434
3 291
21 196
498 421
442 143
285 404
66 433
202 181
162 78
493 185
228 376
235 276
230 312
377 222
185 199
17 286
47 121
248 434
49 447
282 294
499 122
339 324
160 78
387 485
118 266
153 260
123 37
448 300
435 464
150 299
371 60
458 146
103 390
437 247
148 309
276 267
287 211
464 280
67 91
188 150
132 241
233 107
394 239
476 333
398 344
475 122
40 177
74 88
43 28
268 203
87 408
361 370
200 22
324 222
172 192
25 412
44 277
408 130
429 200
202 354
20 391
213 25
287 355
351 152
467 324
479 34
89 141
30 362
42 234
263 87
48 113
42 186
133 344
220 203
294 23
89 202
401 143
24 33
346 4
50 114
463 25
399 181
376 200
211 7
254 415
12 482
331 134
13 429
241 183
379 439
458 109
386 160
368 353
376 448
453 181
16 102
330 116
106 198
125 410
395 248
459 64
311 190
298 343
217 234
253 221
47 455
344 329
334 199
85 222
475 162
29 387
493 1
18 136
221 358
319 100
301 473
164 268
378 103
163 52
146 354
24 373
46 30
92 79
200 201
201 149
406 174
47 33
74 187
485 50
474 50
326 175
145 295
200 25
102 347
275 364
429 328
374 490
356 389
384 49
28 274
62 268
45 145
249 320
169 246
318 192
307 50
123 271
232 193
37 271
319 30
142 71
358 84
94 47
336 287
449 402
20 201
486 111
20 436
465 456
95 57
338 125
298 414
230 266
225 420
15 56
265 245
101 312
361 16
378 452
498 87
223 45
499 51
234 489
232 36
223 262
156 94
214 205
251 292
394 445
88 190
383 414
123 446
301 500
148 262
15 362
406 196
281 82
334 305
280 268
139 200
200 337
169 434
303 249
380 412
346 396
213 452
200 243
267 479
302 316
248 497
303 366
219 125
140 278
11 323
355 146
281 313
155 374
498 20
66 200
50 121
53 2
104 424
461 290
489 130
171 405
413 65
483 78
446 168
447 369
427 368
110 108
63 480
10 32
364 172
296 72
284 76
73 400
200 251
344 330
272 499
330 133
486 307
148 127
313 495
144 497
227 175
183 492
175 60
294 359
15 400
380 345
355 172
75 212
393 277
36 493
6 135
129 77
117 108
422 350
348 67
367 484
340 54
334 347
197 92
296 113
283 299
255 447
306 292
404 78
50 383
204 19
357 377
64 314
226 203
370 457
328 382
153 70
482 78
264 260
137 204
50 279
390 154
398 468
349 386
80 328
375 76
35 126
152 341
335 374
50 155
479 276
321 156
17 492
384 294
205 115
396 302
492 86
349 160
61 80
67 50
187 481
283 98
328 59
351 71
325 430
419 174
247 372
331 365
467 80
149 349
420 415
4 308
241 283
103 25
401 210
200 484
388 305
48 490
182 426
72 157
262 348
38 287
414 11
322 214
28 439
115 390
125 421
104 291
150 241
363 67
182 370
178 182
92 444
193 301
50 323
56 362
80 13
157 17
176 13
418 451
182 164
136 430
492 150
286 233
295 62
171 260
228 287
371 214
268 426
129 294
322 74
189 199
165 250
248 69
74 255
322 60
382 55
328 467
490 296
50 106
352 120
239 342
312 491
480 170
214 159
134 239
190 200
131 352
174 50
189 232
112 115
413 43
336 228
78 195
407 463
285 28
345 322
454 499
429 382
321 387
92 78
83 401
258 245
8 59
135 258
78 120
196 34
381 332
126 78
367 69
94 373
102 439
431 217
39 500
160 288
354 89
157 320
308 446
129 311
401 422
50 9
207 200
323 414
411 71
76 5
372 496
421 87
488 369
169 46
46 362
153 254
439 251
281 451
480 421
351 206
50 440
449 373
151 210
419 466
288 201
23 77
309 1
219 50
206 136
42 130
230 166
109 431
146 436
391 146
479 103
404 43
78 122
124 424
100 30
416 306
206 341
269 413
458 217
50 42
99 453
221 215
270 235
64 286
123 168
226 236
66 291
58 242
105 371
84 53
378 224
50 495
74 49
100 105
78 352
28 392
290 320
446 261
19 409
29 249
349 216
340 327
160 57
229 146
406 21
102 256
189 494
353 241
172 208
242 307
498 372
363 91
199 232
145 62
192 304
198 148
108 43
207 481
285 43
78 12
331 441
220 457
481 60
115 469
405 137
299 13
200 68
7 287
387 290
127 262
172 354
304 355
342 180
450 206
107 286
468 221
60 227
389 131
473 493
252 40
335 184
411 142
474 313
409 430
171 264
445 452
498 263
116 446
224 213
106 148
257 81
240 24
331 270
159 154
422 452
282 447
29 324
484 69
381 194
435 199
4 147
86 257
3 138
271 477
359 119
229 201
76 409
5 8
131 158
9 265
240 383
444 333
363 10
142 252
200 199
202 453
251 14
141 273
230 56
139 207
343 402
397 371
212 250
73 15
372 472
83 151
397 105
393 335
312 100
295 464
153 225
165 89
445 267
209 169
78 200
375 325
37 168
68 78
14 292
379 416
437 372
249 286
165 431
394 235
146 20
457 392
53 221
361 425
348 50
303 64
485 121
365 135
207 326
39 492
83 66
65 28
378 479
195 356
122 454
365 6
2 302
496 50
496 495
463 359
306 439
219 63
340 404
368 241
200 2
222 303
405 73
178 435
427 176
220 392
105 112
256 388
171 204
341 477
498 149
363 262
476 444
21 390
283 13
491 50
449 156
66 399
76 420
327 470
81 494
232 301
180 365
211 355
95 162
67 474
50 419
4 200
63 170
255 369
444 418
257 199
258 466
54 285
218 354
2 328
336 448
171 137
103 34
143 83
230 15
349 472
239 445
301 36
416 173
490 44
337 287
154 25
241 492
200 439
316 344
75 431
104 487
229 355
432 160
73 266
296 461
59 343
200 147
133 97
391 229
262 10
250 342
439 327
313 269
293 161
18 450
115 214
13 200
112 471
294 311
84 5
444 372
38 355
127 50
450 430
66 22
144 169
385 66
499 200
490 335
265 6
249 233
470 439
238 430
227 371
314 183
332 371
250 191
347 388
246 46
492 314
197 404
64 366
58 6
331 26
74 200
114 338
144 434
478 469
132 176
352 158
497 252
495 474
185 45
243 78
155 106
66 448
472 386
468 253
178 361
171 118
97 325
196 174
398 133
458 489
402 467
299 244
315 172
196 235
265 417
457 426
386 78
421 170
139 194
409 204
151 141
41 402
279 242
125 63
371 381
