500 1200 6 126 215
965.2886 342.8093
0.6832 0.8848 962.3725
0.5999 0.1804 880.1395
0.5037 1.7103 115.3911
0.9530 1.4151 85.2796
0.8938 1.7848 407.8148
0.7319 1.2550 394.5959
0.7211 0.2213 530.2754
0.0888 1.7105 300.0048
0.1422 1.3945 547.7421
0.5787 0.6144 31.5631
0.0588 1.6450 594.0232
0.5708 1.1693 814.0433
0.8918 0.5661 806.0748
0.7400 1.2159 461.2408
0.9121 1.5372 461.0343
0.7068 1.3125 420.8704
0.8519 0.3434 28.3019
0.1059 0.9291 234.7578
0.1818 0.7685 342.1680
0.6292 0.8624 988.9229
0.5340 0.1516 205.2747
0.1828 1.4992 805.2647
0.1949 1.4154 935.9847
0.7419 0.4143 571.1314
0.1400 0.2876 688.8168
0.7420 1.4573 662.4910
0.4902 0.0466 514.1709
0.0601 0.5157 451.5691
0.0808 0.4630 80.7209
0.7408 0.7565 857.0141
0.1999 0.6146 603.3957
0.0559 1.8814 689.3484
0.6480 1.8100 119.6548
0.1629 0.5159 652.6354
0.3257 0.7688 712.8408
0.0880 0.2549 934.0203
0.5091 0.8847 999.9336
0.7712 1.6453 530.5961
0.8449 1.5374 730.0987
0.1858 0.2878 729.6021
0.6300 0.7684 449.7938
0.4989 1.4569 266.6089
0.7262 1.4991 701.6208
0.1127 1.7849 726.4795
0.5481 0.8040 148.0921
0.4458 1.5377 991.3597
0.5597 0.8621 275.1668
0.2377 0.2549 416.4132
0.7682 1.7217 720.2479
0.7689 0.3978 180.1923
0.1750 1.6235 571.8689
0.2570 1.3318 179.3074
0.9118 1.0593 230.5379
0.9537 0.4144 153.6463
0.9552 1.2550 824.6441
0.4697 1.3947 117.5176
0.7272 1.5791 572.5214
0.5739 0.0103 235.1431
0.3340 0.8623 929.9578
0.6659 1.4994 397.7124
0.4028 0.1516 769.6286
0.9328 0.2217 907.3573
0.9489 1.5788 993.7942
0.7902 1.1691 935.5393
0.1437 1.3317 274.0080
0.0668 0.1801 829.1130
0.8700 0.8042 964.5578
0.2870 0.0466 614.6861
0.4537 0.2215 773.3188
0.1411 0.2213 215.3224
0.9192 0.8845 159.6281
0.0409 1.9712 2.8550
0.1042 0.7689 335.4541
0.5271 0.6936 775.7078
0.5819 1.3945 533.3199
0.1478 1.9716 310.7541
0.9380 1.1690 435.8985
0.4620 0.5350 798.8448
0.8191 1.8103 166.4350
0.8330 0.2875 404.4506
0.4068 0.5663 581.7554
0.0921 1.1190 586.1303
0.4478 0.4142 132.0662
0.3952 0.2549 74.9405
0.1490 1.7216 169.8690
0.6582 0.0106 915.7354
0.3202 1.7106 90.6629
0.6811 1.1192 690.6448
0.6797 1.0319 650.9678
0.3799 0.4145 918.7302
0.4009 1.2546 936.6094
0.7598 0.9719 762.1513
0.0611 1.3321 130.9838
0.8219 0.8623 21.3841
0.7310 1.6235 768.0563
0.5132 0.6610 170.2786
0.5329 1.0321 357.9296
0.8002 0.6145 626.6137
0.3547 0.1517 470.9028
0.0347 1.8724 506.9477
0.5371 0.9289 10.0252
0.3410 1.2550 719.9399
0.3789 1.7850 674.1877
0.8747 0.4147 422.6339
0.8809 1.8817 936.7174
0.7840 0.1801 141.7913
0.5608 1.7216 781.8274
0.7048 1.7219 415.7241
0.6079 0.7566 153.7658
0.8850 1.6236 946.9936
0.4068 0.3975 212.4275
0.2258 1.2155 31.3052
0.6428 1.3950 623.5155
0.4477 0.8845 57.9424
0.9322 1.7105 536.7785
0.6550 1.7848 388.0514
0.6827 1.2157 266.8460
0.6478 1.5377 855.7104
0.8320 0.6607 683.8251
0.4469 1.9432 498.0040
0.8260 1.3949 597.7300
0.7982 0.1115 421.6822
0.9109 0.9287 839.3265
0.9261 1.9714 911.4020
0.8118 0.2551 803.7650
1.0000 0.0000 498.4023
0.1371 0.0464 364.5078
0.8081 1.8816 22.0161
0.1362 0.7566 816.6353
0.8227 1.6235 257.9490
0.9582 0.5160 373.0354
0.8842 0.7684 238.6813
0.6441 1.8814 30.4193
0.5651 1.1258 822.0606
0.4260 1.5793 66.6502
0.7539 0.7687 972.3568
0.9570 1.6238 664.4367
0.4401 0.2214 456.0242
0.0570 1.5375 860.0290
0.4669 0.1113 722.1676
0.1049 1.4994 211.5369
0.6219 1.3122 178.5598
0.2762 1.1689 955.6971
0.3522 0.4628 814.6810
0.1787 0.4145 811.1110
0.3751 0.1110 629.9598
0.6470 1.8729 966.5374
0.5268 1.6235 724.6898
0.3290 0.8041 406.9028
0.8530 0.1802 739.8708
0.8102 0.4143 776.3728
0.8171 0.0462 491.2459
0.1381 1.5376 413.4988
0.6741 1.7102 571.8520
0.7518 0.3437 305.2253
0.0571 0.3436 167.7083
0.1260 1.8728 993.3546
0.2502 1.0323 327.4304
0.7989 0.5161 321.7692
0.9549 1.7219 355.7791
0.1188 1.6449 121.4832
0.4861 1.1691 929.4000
0.2719 1.1194 121.6056
0.2828 1.3948 725.9216
0.2587 1.6238 180.4168
0.4881 1.2155 382.9543
0.1968 0.5350 100.2484
0.6840 0.2550 543.4795
0.5190 1.6449 325.8853
0.1459 1.8101 165.7020
0.8647 0.2217 889.8352
0.1847 1.1194 457.9587
0.7530 1.9433 580.2571
0.3321 0.6936 223.7434
0.0668 0.6611 62.3310
0.9137 0.6936 42.9647
0.0732 0.8844 14.5002
0.2582 1.4992 259.7387
0.6638 0.1803 364.7247
0.6010 0.5353 219.8174
0.2027 0.6612 538.0248
0.7822 0.2216 401.3978
0.4027 0.8844 378.5172
0.3079 0.7689 460.2641
0.5062 1.7219 831.0151
0.8832 1.1192 167.2378
0.1338 0.4627 108.5936
0.9107 1.8727 27.4633
0.6632 0.5159 663.0895
0.0580 1.6234 21.6748
0.0400 1.1692 258.3234
0.6902 1.9713 752.9749
0.3910 1.6237 505.5491
0.5279 0.8621 707.7322
0.1872 0.2215 751.4485
0.3240 1.7216 855.9163
0.8560 0.0101 338.3749
0.8122 0.4627 426.6516
0.1560 0.9717 310.0192
0.8611 0.5353 148.4607
0.4427 0.0103 232.4237
0.1541 1.2155 819.1352
0.5409 0.3438 905.2484
0.6219 0.3437 856.6751
0.1782 0.1114 523.8867
0.1260 1.1258 245.0080
0.5838 1.6237 861.6871
0.0761 0.8625 503.3184
0.1889 1.7217 881.3423
0.4632 1.2546 615.9377
0.3921 0.9290 570.8904
0.6411 0.6612 752.8236
0.0801 1.8101 772.0515
0.3139 1.5793 978.1869
0.0000 0.0000 308.3148
0.9511 1.0323 607.2469
0.4259 1.9715 307.5261
0.2799 1.9434 732.0159
0.5718 0.0463 469.2513
0.7620 1.8729 281.6781
0.5942 0.8846 790.2400
0.7317 1.5377 607.2801
0.8580 1.7220 475.1707
0.8350 1.5790 562.6032
0.8811 1.2160 45.3648
0.9429 0.2550 813.4693
0.3257 0.2214 904.9667
0.3590 0.7567 407.3086
0.4131 0.0462 916.6991
0.6339 0.4144 102.6596
0.5777 0.2876 386.7468
0.5110 0.4628 53.0331
0.9499 0.0105 389.2215
0.4958 1.0590 561.5381
0.0597 1.3948 59.9311
0.3001 1.8724 385.9171
0.4567 0.3434 415.4335
0.1082 0.6145 282.1813
0.7768 0.9291 231.2072
0.7149 0.0462 217.4037
0.3872 0.2218 669.1095
0.7062 1.5791 714.6580
0.5739 0.5664 517.1075
0.6958 0.6608 45.8495
0.9389 0.1115 516.3897
0.8292 1.1261 221.8763
0.9377 1.4571 559.7776
0.7462 1.8815 571.8321
0.4870 1.8729 200.9496
0.5909 1.2157 978.6851
0.7818 0.8845 299.1845
0.5052 1.5789 980.7498
0.3198 1.8726 816.2527
0.4569 1.7848 55.0688
0.9590 0.4631 269.2948
0.6361 0.5349 272.2514
0.8841 1.9436 295.8525
0.0707 0.2217 316.6205
0.1332 0.1517 913.9256
0.0788 0.1111 177.7860
0.8249 0.7567 679.2556
0.1839 0.8624 583.7798
0.1088 0.0101 448.9060
0.3999 0.9717 475.4877
0.6177 1.6453 626.9194
0.2272 1.8817 804.2997
0.4110 0.5348 166.3606
0.5851 0.2214 276.5021
0.5751 0.8041 911.3222
0.7569 1.3948 745.5919
0.1741 0.1800 210.9868
0.4882 1.9714 880.9162
0.2637 0.2215 612.7667
0.6650 0.2213 863.2904
0.2770 1.1260 752.4059
0.3668 1.3123 249.4801
0.2909 0.4627 688.8101
0.4769 0.7688 810.7614
0.3688 0.8041 654.3567
0.1082 0.6611 974.5341
0.7972 0.8041 74.5751
0.6721 1.3317 876.9367
0.2442 0.8622 776.4549
0.1217 0.2214 101.8028
0.0801 1.4994 971.2600
0.1290 0.8846 931.3438
0.3131 1.3319 516.6283
0.6707 0.1114 458.9303
0.7900 0.0102 59.9934
0.3969 1.4153 48.4483
0.2387 0.4145 926.5720
0.6597 1.9431 852.7430
0.4818 0.6612 969.3014
0.7999 1.2550 948.3274
0.5857 1.2546 531.7871
0.3391 1.5375 154.2792
0.4640 0.5162 399.6105
0.9350 0.1803 197.7349
0.5360 1.9711 216.2828
0.3572 0.4146 350.7611
0.0959 1.2551 519.2207
0.0458 0.3978 811.5880
0.3639 0.6612 175.8003
0.8358 1.6454 869.2818
0.3069 1.8101 71.4003
0.7721 1.6238 505.0983
0.2242 1.4574 338.3501
0.8342 1.4991 575.0272
0.3730 1.0592 601.1691
0.0341 0.5664 628.7473
0.3688 1.8101 760.2824
0.5131 0.2213 733.6545
0.8001 1.8100 713.6982
0.3757 1.3317 41.5540
0.5588 0.1521 874.1045
0.4907 1.1193 227.5241
0.1740 0.3433 961.1680
0.7117 1.0591 446.1752
0.5222 1.3949 362.0182
0.5468 1.3321 869.0467
0.7820 0.8625 201.3977
0.2952 1.8812 34.1067
0.7882 0.1516 703.5371
0.8468 1.8725 407.3234
0.1102 1.3127 497.6244
0.5838 1.4153 516.5315
0.6940 0.1516 420.1357
0.2011 0.5159 150.8939
0.6092 1.1258 113.6942
0.6119 0.5158 761.3606
0.6970 0.2879 934.6222
0.9058 1.3123 686.4526
0.3301 1.9714 672.7164
0.9669 1.6452 808.1039
0.3152 0.5351 476.6056
0.3519 0.6142 373.3354
0.5739 0.5162 94.9304
0.2510 0.0106 643.7766
0.3002 0.7564 460.0079
0.4877 0.2877 848.9862
0.1581 1.0592 855.8205
0.8801 1.3318 108.4317
0.2157 1.3127 927.8495
0.3382 0.9291 807.7658
0.2339 1.6450 81.4367
0.2331 1.5790 506.5693
0.0488 0.1520 529.8105
0.3461 1.4992 680.7507
0.2949 1.6238 831.0307
0.2778 1.9716 457.2498
0.0469 1.4572 384.8865
0.5367 0.4147 876.6762
0.0437 1.7850 955.0186
0.1357 1.5792 31.2954
0.3138 0.3978 472.2258
0.1051 0.6933 547.8193
0.9637 1.8104 96.9217
0.3331 0.2879 331.8377
0.8360 1.0320 490.9466
0.7932 1.3322 338.0353
0.3397 0.5158 853.3334
0.2738 0.5348 501.8029
0.2152 1.7102 123.0389
0.8227 1.1194 125.5621
0.3417 1.1257 224.9168
0.7339 1.0319 168.4899
0.6170 1.5788 515.4876
0.2180 0.0463 609.0204
0.9177 0.1521 383.3040
0.6817 1.4155 383.3376
0.6501 0.2214 470.9282
0.5859 1.0589 620.7258
0.0877 0.4145 294.9513
0.5950 0.4631 552.8125
0.7429 0.6935 172.9971
0.6670 1.2550 291.0974
0.1510 0.8040 804.9533
0.8842 0.5161 493.5404
0.4259 1.6449 183.9532
0.5268 1.4569 978.3859
0.5919 1.4992 589.0392
0.2238 0.6936 243.3911
0.5580 0.5350 168.8869
0.1118 1.6235 744.6720
0.6621 0.4145 778.7541
0.9388 0.8625 375.8691
0.8561 1.7846 75.8104
0.4358 1.7220 780.1911
0.8517 0.7686 647.9462
0.5357 0.7689 361.7835
0.8190 1.4151 91.5058
0.0637 1.7219 196.8313
0.7810 1.0592 151.1999
0.7962 1.7105 444.7367
0.8251 0.8845 73.5076
0.7551 0.5349 301.9727
0.5020 0.9716 917.8586
0.1669 0.0101 776.5808
0.7671 1.9713 928.5076
0.6862 0.0465 933.4603
0.2130 0.1517 517.4918
0.5101 1.9434 264.8585
0.3569 1.2160 218.2604
0.5310 1.8813 794.2295
0.3088 1.4574 651.4258
0.0557 1.5791 959.2834
0.1150 0.4142 309.2083
0.6521 1.3318 134.2766
0.6340 1.4571 556.9588
0.3351 1.6238 393.9330
0.2782 0.3434 100.0002
0.7447 0.6611 608.1545
0.1247 0.8041 725.9971
0.8592 0.1518 148.2656
0.8771 0.6142 40.3281
0.9001 1.3946 70.9750
0.3982 1.1193 98.6050
0.2702 0.1801 330.4614
0.5468 1.8099 977.5932
0.3090 0.8848 144.3922
0.9567 0.2877 609.5222
0.6477 1.7217 721.1396
0.4030 1.4995 499.2959
0.4037 0.1803 880.8514
0.3499 1.3947 546.3829
0.5299 0.0101 137.6921
0.1807 1.2550 628.2068
0.4802 1.4153 716.6472
0.2077 1.9714 128.4760
0.1579 1.0322 811.4384
0.9387 1.3946 812.7970
0.5390 1.1192 653.4896
0.2121 0.1803 45.0784
0.2570 0.8845 380.9542
0.3537 1.6449 52.9577
0.2380 0.3980 340.8658
0.9657 1.3317 209.9291
0.3792 1.0322 899.7851
0.3828 1.8816 999.8220
0.0771 0.5350 739.0708
0.8791 1.9712 461.1236
0.6892 0.4628 429.5943
0.5138 1.4992 734.8695
0.0302 1.4151 734.4130
0.4850 1.0323 867.2299
0.6710 1.9711 219.1760
0.7998 0.5659 311.4000
0.2909 0.0104 939.8835
0.1251 1.0594 532.3501
0.1191 1.2157 895.7573
0.4968 0.5663 155.9178
0.4570 1.6236 274.1325
0.2662 1.4152 938.8663
0.4289 1.3949 549.8511
0.5641 1.8725 99.5900
0.2038 1.7850 102.3771
0.0458 1.9431 408.2544
0.9609 0.5348 834.2417
0.9299 0.6607 111.1368
0.4419 1.3317 101.9222
0.9478 0.3980 596.3058
0.1148 0.0462 727.2959
0.9278 1.4995 745.8869
0.4390 0.6145 572.2264
0.1552 0.5350 42.0393
0.7531 1.4151 942.2765
0.2850 1.7219 745.3339
0.9137 1.1259 313.5891
0.6738 1.8104 993.4340
0.7020 1.1195 25.2269
0.6398 1.6451 106.9357
0.4521 0.8626 855.9893
0.6767 1.7847 287.9265
0.7801 1.4993 295.5853
0.6582 0.6142 824.4841
0.4358 0.1801 15.3211
0.5332 0.2554 805.7316
0.7589 0.8042 421.2508
0.2760 1.7847 706.7015
0.8459 0.2216 961.0098
0.2450 1.9434 571.3044
0.2218 1.3947 754.9477
0.6298 0.3977 799.4166
0.5971 0.6936 817.5087
0.8280 1.2158 304.3961
0.6188 1.6236 364.4223
0.4198 0.5157 359.1351
0.4548 1.8101 584.0149
0.2178 1.2549 55.9764
0.3032 0.6612 294.6703
0.6048 0.3976 866.4663
0.7821 0.5348 295.0295
0.2358 1.8099 388.6190
0.1787 0.5664 863.0592
0.5747 1.7849 98.2546
0.9187 0.0465 985.5924
0.4708 1.5373 693.6961
0.5209 0.1801 922.6710
0.1181 1.0318 146.1711
0.7738 1.7849 39.3211
42 405
215 156
366 318
88 134
51 384
33 387
268 2
337 383
262 45
208 149
70 195
108 49
316 449
337 330
83 352
221 37
163 417
473 170
151 255
496 58
74 339
387 419
60 43
433 418
318 470
500 387
45 19
373 407
118 222
99 61
323 245
269 45
440 310
13 447
57 39
211 101
164 482
148 367
166 102
169 379
191 215
289 197
238 310
479 456
126 71
168 80
192 120
469 455
371 268
43 296
67 281
460 314
440 215
231 155
448 201
361 487
106 150
398 27
400 58
477 168
165 406
450 202
92 216
196 44
381 42
149 279
254 108
259 498
282 164
66 215
487 440
123 264
264 199
116 495
477 171
92 123
184 45
212 96
55 126
138 69
237 203
126 53
348 139
150 21
271 273
258 284
276 6
323 327
59 283
240 58
89 366
453 425
302 317
126 15
296 153
208 420
440 297
16 55
185 107
367 486
437 126
417 316
256 180
30 278
34 28
394 471
115 304
213 170
260 205
147 455
280 181
464 10
467 353
161 384
136 389
55 294
77 126
389 269
215 301
455 404
342 431
458 126
343 295
142 276
322 253
204 483
218 192
227 273
157 100
100 170
166 427
487 297
41 136
207 367
215 260
386 395
151 50
476 138
29 145
449 82
130 63
361 29
144 378
369 414
440 328
179 99
395 18
160 223
431 416
104 461
306 63
215 82
455 33
159 378
386 71
243 451
454 56
430 499
459 119
143 191
493 305
162 143
118 497
35 45
235 320
310 335
277 83
139 406
379 410
393 53
488 500
348 178
332 55
371 2
412 98
47 20
276 343
464 494
270 360
15 39
399 173
395 251
359 397
359 366
376 276
38 471
469 313
425 428
415 126
109 228
45 278
410 193
457 72
235 23
155 331
86 299
47 478
455 439
354 193
121 270
267 78
3 87
487 144
46 308
351 307
421 226
439 322
339 484
98 475
274 36
209 8
455 419
440 361
436 355
471 148
215 93
292 128
126 461
95 471
279 73
36 480
219 27
257 126
206 215
438 309
490 238
457 429
447 415
36 70
370 326
315 21
376 485
489 166
335 267
222 39
131 458
12 250
150 99
63 126
51 406
312 2
379 87
169 87
126 54
412 375
428 454
253 493
106 480
457 333
436 90
124 441
485 6
462 263
271 433
408 16
249 253
405 307
212 475
76 457
402 133
375 484
200 492
252 296
254 103
360 425
385 230
23 453
77 329
259 424
215 462
231 477
206 12
206 143
494 31
127 368
131 255
222 463
126 357
152 288
329 186
98 119
469 147
432 88
261 30
400 219
476 424
208 215
252 153
450 191
359 318
324 188
325 343
126 115
397 123
17 126
207 148
295 210
230 352
5 313
264 397
416 121
215 25
223 387
400 146
97 89
298 150
381 307
57 222
377 149
498 69
13 126
491 483
65 93
157 493
310 494
277 352
221 20
409 463
292 399
85 392
273 195
347 433
62 226
104 255
227 36
81 494
24 255
258 66
30 109
130 306
300 291
322 249
215 450
88 470
63 486
115 334
384 345
123 239
360 454
103 213
43 474
339 174
484 109
388 185
404 147
310 167
333 201
369 126
67 126
406 349
399 402
317 411
387 5
82 172
77 468
439 249
474 409
149 73
17 461
85 8
410 349
497 308
200 13
310 465
415 459
330 180
154 471
444 351
58 426
235 9
482 23
414 323
427 489
388 8
393 318
13 396
124 126
134 77
81 383
237 411
7 274
430 158
208 183
155 461
296 367
498 476
356 181
470 372
19 184
303 490
499 215
215 347
455 249
142 320
223 49
48 36
215 392
481 457
296 242
215 32
436 385
105 128
372 438
338 429
295 376
203 25
347 271
29 34
164 425
21 61
288 327
218 481
246 329
242 57
12 162
491 24
215 139
244 484
141 285
213 456
218 439
254 495
480 182
476 259
32 457
63 110
281 132
298 414
342 16
155 17
246 468
235 444
154 394
180 189
388 196
424 418
447 256
186 318
333 217
251 1
390 41
374 385
202 191
435 349
443 381
152 240
105 292
264 239
130 471
494 415
417 206
328 361
194 114
277 144
114 183
382 129
213 353
230 144
317 355
25 237
90 29
61 205
370 466
203 204
379 435
135 214
338 76
179 2
129 73
333 350
57 46
265 169
233 496
158 199
386 94
36 182
250 166
5 357
384 190
395 71
431 126
406 215
305 500
6 142
288 400
172 163
225 126
484 74
126 226
419 488
215 177
36 215
164 23
215 18
486 95
275 64
216 318
30 19
79 313
380 381
293 484
378 131
500 473
493 170
372 445
17 421
484 490
389 261
366 199
176 261
440 337
416 391
286 177
134 329
376 6
100 215
297 337
423 139
363 435
326 75
434 18
259 205
262 114
1 221
131 198
95 63
159 189
26 463
478 281
459 98
186 246
360 16
289 86
44 467
356 382
42 290
439 402
327 315
191 206
321 281
454 425
68 368
156 317
33 469
46 296
269 262
253 488
215 353
113 75
253 32
421 168
228 339
83 90
157 32
478 269
321 20
386 1
255 126
308 463
161 345
70 284
119 412
371 179
21 205
27 448
381 405
272 217
245 496
168 125
32 218
471 3
302 215
102 250
111 491
34 328
235 215
162 166
25 48
103 479
116 473
426 400
383 180
36 25
279 45
235 93
250 64
291 29
221 321
300 90
311 500
358 40
453 42
212 484
362 337
320 164
110 137
140 288
220 248
220 324
330 144
328 29
27 229
301 403
484 412
353 44
23 42
106 179
401 205
413 73
238 31
15 224
201 426
30 389
391 466
314 142
350 457
460 320
120 218
223 87
238 175
245 126
318 364
40 155
335 337
7 36
64 77
192 399
479 213
8 108
160 126
437 342
221 47
151 24
174 382
304 38
312 69
4 391
400 240
382 339
443 307
444 215
467 196
325 65
101 239
380 290
298 369
407 302
133 147
121 360
466 75
154 223
155 204
144 159
301 202
340 358
50 461
206 82
174 74
349 165
485 225
169 452
106 7
436 83
213 254
435 345
125 171
8 107
370 75
395 344
118 308
428 380
134 365
287 325
10 475
434 286
48 84
11 161
358 155
76 72
213 215
24 198
318 372
75 391
456 44
104 151
478 194
137 126
299 58
462 127
282 360
52 65
52 325
499 199
216 359
263 68
362 335
332 126
7 182
140 146
253 305
266 322
115 394
275 365
18 344
386 221
204 491
24 385
171 36
386 251
141 22
331 231
476 69
188 105
57 224
449 215
471 486
187 90
213 495
173 124
444 23
484 96
75 428
262 283
215 11
467 8
248 292
215 8
437 16
313 220
468 126
299 272
408 164
404 133
118 463
386 67
108 422
115 38
215 73
229 260
403 112
381 296
238 215
310 215
469 387
114 283
100 213
468 186
132 269
126 5
378 200
191 112
198 255
247 391
396 256
275 206
187 83
128 248
150 171
326 428
500 170
181 490
401 99
232 385
199 97
227 433
126 92
13 458
448 350
12 166
457 299
215 285
31 336
369 245
101 199
2 259
221 18
451 415
330 383
434 208
32 236
137 38
158 438
490 382
168 171
392 8
265 452
234 372
199 359
398 263
216 126
256 189
172 449
416 4
229 68
305 311
26 247
189 330
120 439
30 35
50 483
404 439
126 386
139 443
496 152
406 193
338 27
44 213
81 451
263 27
206 64
125 421
239 71
199 18
48 358
40 204
457 446
325 215
190 215
60 380
137 304
422 107
351 22
126 233
415 98
14 91
181 238
431 437
135 148
282 408
346 354
90 302
102 117
413 377
217 457
32 481
458 200
393 216
470 134
78 337
18 37
16 282
244 412
338 398
36 241
114 18
126 176
44 388
500 493
320 482
52 287
266 32
399 441
42 380
396 492
260 368
31 293
175 280
390 278
484 30
435 8
139 346
316 432
117 250
167 465
298 315
110 130
325 91
236 157
233 441
286 208
483 155
19 73
319 56
14 117
429 76
288 315
410 435
452 148
486 242
214 346
496 126
493 100
477 84
299 446
29 373
139 178
75 319
241 418
380 409
259 347
199 215
57 118
464 336
346 193
171 84
62 126
17 80
180 447
265 471
230 436
355 111
325 102
48 40
360 342
210 91
12 64
444 405
392 353
122 288
215 373
497 46
109 73
406 354
114 59
292 133
239 199
57 497
14 77
383 78
37 47
18 251
138 36
29 407
79 5
59 269
220 79
2 401
434 420
187 29
77 246
257 173
212 244
268 36
126 459
150 62
129 339
441 173
215 29
186 393
51 165
101 395
163 449
127 260
215 457
302 436
185 254
215 351
341 309
340 231
385 144
167 362
111 385
73 377
28 215
126 261
423 443
331 80
197 233
344 211
302 156
245 122
463 126
278 35
303 238
81 267
128 324
182 106
290 428
294 6
29 300
5 223
195 36
57 15
266 253
444 307
296 60
290 425
114 47
58 86
494 10
139 381
25 411
426 333
312 268
186 364
474 308
357 324
87 363
148 265
73 339
188 126
324 248
453 290
228 484
164 453
243 447
193 169
105 257
66 271
114 472
37 114
494 335
302 300
404 402
421 80
4 431
79 324
203 491
338 448
112 301
126 123
135 252
92 397
281 20
242 367
303 293
173 292
449 341
347 260
218 322
127 263
334 126
96 31
57 486
126 247
308 409
270 113
194 472
39 463
298 126
219 201
426 272
344 199
186 53
167 337
323 298
15 463
131 126
215 72
102 91
417 449
485 14
478 132
153 381
232 144
236 253
79 357
424 347
192 402
145 407
438 445
36 371
154 3
363 8
215 258
126 132
221 94
102 489
132 389
16 332
442 378
274 371
138 241
139 153
342 416
224 63
8 161
210 485
429 350
215 356
235 460
413 215
363 49
446 192
126 421
294 16
252 148
208 262
332 437
89 199
186 126
144 352
96 293
2 498
8 196
45 41
33 419
165 435
208 279
470 364
11 190
126 105
187 277
9 320
331 168
356 129
171 62
194 47
418 347
329 470
26 391
486 207
243 415
107 254
248 133
467 209
28 29
287 314
104 54
35 184
25 317
311 488
202 112
321 94
215 129
263 215
488 249
356 175
232 378
95 306
334 304
260 68
106 99
111 237
50 104
207 471
285 351
25 204
65 235
480 150
84 231
395 239
26 466
147 220
375 176
78 81
325 427
205 146
3 223
320 408
97 445
409 26
114 208
16 142
409 60
259 401
41 30
319 360
178 22
225 77
455 488
64 14
292 402
235 314
301 427
69 36
403 166
227 241
9 482
402 120
85 209
96 336
435 384
115 223
175 215
309 234
478 20
452 193
36 273
367 252
183 420
385 491
166 301
469 5
88 341
379 193
126 4
185 479
11 8
199 211
472 269
374 442
24 442
353 85
226 125
171 480
486 224
398 72
40 25
423 348
291 145
472 59
465 337
381 60
280 238
232 374
198 442
465 440
452 346
406 190
