500 1400 1 92 217
951.9876 550.4086
0.6187 0.9866 726.2129
0.9299 1.6994 702.4258
0.7690 1.4423 647.1292
0.8011 0.0977 849.5369
0.1997 1.1728 900.6720
0.6160 0.6131 114.4497
0.3499 0.4719 735.4226
0.7691 0.2961 774.1279
0.6651 0.5687 337.9868
0.3520 1.4421 525.4294
0.1251 0.0976 644.2032
0.8842 1.8937 280.9663
0.0550 0.0980 748.1983
0.5978 0.1694 983.7917
0.3898 0.5687 943.9638
0.0402 0.8859 754.6992
0.7081 1.0256 264.1155
0.4731 0.5688 276.7044
0.7687 0.1694 307.8666
0.8261 0.2963 487.4815
0.0870 0.8858 718.2881
0.8950 1.9919 208.7516
0.2191 0.6132 534.5719
0.7760 1.5381 770.3569
0.7208 0.1692 516.9737
0.0701 1.4422 661.8789
0.9092 0.3623 159.4904
0.8228 0.4717 203.7944
0.6422 0.1691 551.1991
0.7479 0.5686 226.7577
0.0830 1.2413 216.1649
0.2938 1.7536 379.3976
0.9569 1.6999 200.0540
0.1110 1.6995 456.5685
0.1300 1.5381 827.3141
0.8427 0.3623 215.0920
0.4247 1.0256 519.4086
0.5311 1.8934 90.9917
0.1262 1.6995 227.9019
0.9702 0.7899 519.1026
0.4812 1.7535 644.8251
0.9351 0.5688 257.8164
0.2987 0.9863 326.9352
0.0832 1.0256 313.1086
0.7281 0.5688 518.4452
0.2178 0.0979 128.2047
0.3171 1.8937 163.2028
0.6599 0.9861 535.7605
0.7670 1.1726 443.6350
0.1380 1.3388 136.6574
0.5049 0.5687 347.9928
0.1522 1.9920 533.6391
0.3110 1.6995 342.9227
0.7860 0.7899 119.5136
0.4959 0.2960 145.3961
0.0408 0.3622 746.8571
0.8532 0.8854 894.5442
0.0430 1.6995 109.8182
0.7002 1.8938 330.4116
0.4109 0.9862 998.5100
0.2507 0.3623 472.6180
0.2862 0.8859 327.0526
0.5420 0.0980 643.9750
0.8620 1.6998 79.9783
0.1957 0.3626 171.0171
0.7709 0.0980 853.8357
0.9392 1.2414 837.6646
0.3742 0.6134 949.7546
0.0802 1.4423 901.4112
0.5121 1.4423 834.4942
0.6612 0.0978 665.1865
0.2110 0.8854 600.6612
0.6680 0.4719 945.0959
0.1537 0.5685 784.1375
0.4537 0.5689 286.7054
0.3730 1.0253 324.2623
0.3239 0.1693 579.6304
0.5268 1.5385 790.1453
0.7980 0.6136 799.7891
0.4567 1.8937 449.7667
0.2840 1.2415 2.1984
0.6101 1.7534 793.8169
0.7992 0.4719 590.8369
0.9019 0.0977 186.6505
0.6241 1.1728 793.3118
0.1092 1.3388 759.9522
0.2742 1.3384 437.5383
0.5099 0.4720 64.2797
0.4231 0.6135 610.2522
0.6609 0.6133 647.2121
0.1502 0.2961 182.8811
1.0000 0.0000 427.5272
0.3369 0.0979 696.9717
0.3421 1.3384 832.2153
0.6901 1.1728 881.1208
0.3810 1.7536 575.9514
0.7599 1.5382 360.1079
0.5629 0.1690 715.5201
0.0522 0.6134 618.5510
0.5531 1.1728 941.5349
0.3829 0.4715 10.3455
0.5030 1.9916 662.8603
0.7562 1.2410 87.6352
0.2891 0.2962 240.0614
0.9179 0.0978 721.6552
0.8782 0.3621 515.4842
0.9469 0.0980 761.6504
0.7470 1.8936 684.0090
0.4612 0.3625 92.0488
0.1141 0.7902 139.7332
0.8407 1.4420 90.4670
0.2937 1.1730 483.5222
0.5509 1.8937 330.9340
0.1802 0.5688 526.9021
0.0722 1.3388 793.6368
0.5841 1.5384 539.8951
0.0959 0.5688 95.4886
0.4967 0.7900 408.1575
0.4621 0.9864 893.5768
0.0557 0.5688 143.2417
0.4692 1.6995 114.3334
0.1148 1.2415 603.0844
0.4811 0.2963 409.8932
0.2477 1.5382 704.5294
0.3630 0.2963 516.1119
0.6510 1.5382 670.2780
0.8010 1.2412 616.4214
0.1069 0.6134 804.8635
0.0878 1.6997 553.0741
0.2048 0.2965 224.1291
0.0458 1.3386 529.0559
0.4289 0.0979 256.6896
0.3519 1.9919 731.3936
0.8372 1.9918 518.2245
0.4678 1.4420 738.3848
0.6010 0.2962 381.0364
0.2668 0.1693 454.8661
0.4930 0.3622 239.4832
0.7992 0.3626 96.4080
0.7770 1.6996 32.5309
0.2092 0.7897 252.3713
0.9559 1.8938 746.7345
0.7719 0.8856 966.2784
0.0730 1.1725 969.0957
0.8939 1.3384 981.1084
0.0381 1.9920 90.6518
0.4918 1.6998 79.1375
0.2002 1.5383 660.6646
0.5559 1.2415 511.0698
0.2967 0.3626 959.1235
0.7439 1.7537 783.9790
0.5881 1.1727 900.4894
0.5992 1.6999 502.0252
0.2789 0.6135 95.7100
0.2812 1.8934 203.9047
0.3801 0.2964 857.4664
0.3450 0.3622 716.9060
0.7329 0.3625 263.7128
0.4821 1.9916 682.3437
0.2447 0.2960 560.2995
0.6448 1.8936 238.8211
0.2557 1.1725 891.8654
0.2500 0.0977 641.2369
0.1790 0.3621 739.3627
0.6221 1.6995 40.0410
0.7500 0.4719 821.7171
0.3611 1.1728 736.3513
0.3270 0.2964 94.6627
0.4900 0.0976 179.4001
0.4439 1.1729 508.2722
0.5891 0.7900 368.2413
0.6289 1.3384 598.6218
0.7180 0.6134 12.9292
0.7059 0.6132 671.5130
0.5409 0.1693 230.3291
0.2961 0.7902 612.5844
0.1770 1.5381 428.3675
0.7878 0.8856 869.2690
0.7830 1.2413 418.7272
0.2868 0.1694 730.9625
0.1539 1.6996 939.3731
0.8771 1.4421 515.4141
0.2179 0.5688 894.1047
0.2860 0.5688 535.3110
0.7837 1.9920 354.2966
0.4930 1.1728 477.8000
0.0448 0.1694 860.9778
0.1869 0.0977 950.4952
0.3712 0.8854 820.5730
0.4158 0.3626 402.9853
0.9689 1.5381 649.2353
0.4151 1.9919 762.8319
0.4329 0.8855 932.2403
0.4287 1.3387 323.9410
0.6580 0.8858 16.6126
0.6351 0.5685 290.3044
0.6520 1.2415 221.5763
0.2330 1.6999 726.7947
0.2749 1.9919 155.7334
0.8047 1.8934 635.0851
0.7242 1.3386 762.9355
0.2388 1.4423 896.1667
0.5739 0.8857 577.4821
0.3257 1.2413 180.7016
0.5702 0.9865 270.6905
0.6171 0.3621 996.7334
0.0982 0.9863 494.4477
0.6211 1.5382 366.8906
0.2091 1.2411 563.0810
0.7887 1.1725 72.5573
0.4978 1.3385 792.8599
0.9270 1.5383 926.5664
0.0910 0.6134 144.3608
0.5638 0.5687 421.0257
0.0531 0.4716 999.7238
0.4370 1.8933 280.7389
0.0000 0.0000 52.7364
0.2328 0.9863 999.1831
0.7070 1.6998 27.7982
0.1507 1.8937 752.4830
0.4071 1.5383 730.5189
0.1969 1.3389 375.4524
0.1689 0.4715 576.0180
0.2742 1.1728 936.1966
0.2308 0.3622 264.0297
0.8920 0.6131 794.7050
0.7960 1.4419 548.6502
0.0301 1.0258 254.4540
0.3060 0.6133 936.1796
0.6081 1.3386 205.9939
0.4407 0.2962 306.4049
0.8662 1.0255 782.1776
0.2711 0.5685 404.0273
0.8440 0.6131 283.1119
0.1680 1.3389 781.6037
0.5322 0.8857 384.2796
0.7600 0.3625 301.5171
0.9121 0.2965 285.9146
0.5867 0.6135 447.0540
0.6278 1.2415 511.5210
0.9470 0.5684 102.7889
0.4168 1.4422 169.1649
0.9587 0.9864 193.5466
0.4529 1.6996 510.4080
0.0298 0.2963 800.3105
0.5480 0.9865 987.9387
0.6967 0.0981 853.8422
0.8070 1.3385 190.4709
0.4019 1.6998 114.5872
0.5299 1.1728 446.7260
0.2488 0.8855 60.2775
0.2650 1.6996 72.0022
0.8531 0.1691 804.0894
0.8158 1.1726 413.7049
0.4562 0.6136 328.8335
0.8010 0.5684 222.5625
0.0930 1.9917 964.7855
0.6398 1.7538 779.4968
0.1342 0.3623 121.7348
0.8837 0.8856 403.4553
0.0721 0.7899 770.8083
0.7727 1.3386 938.4070
0.4548 1.1729 638.3725
0.1322 0.1691 404.3112
0.8622 0.5686 606.1870
0.8900 0.2960 432.0465
0.8390 0.7901 369.1880
0.6420 0.0980 144.4459
0.6407 1.0256 768.5391
0.9212 0.6136 316.4403
0.7098 1.1728 741.7082
0.5108 0.3623 791.3310
0.1442 0.7897 89.4831
0.3407 1.6995 769.9827
0.2587 0.4719 427.1489
0.7197 0.2961 503.7458
0.9318 1.3384 454.1757
0.8518 0.9863 493.8355
0.1947 1.9919 944.0571
0.1899 0.1692 131.3693
0.6069 0.7899 518.9576
0.4771 0.7899 573.6934
0.6330 0.3623 166.3781
0.1147 0.0981 223.1736
0.5440 0.7901 45.4774
0.4779 0.1694 696.4572
0.6117 1.8938 129.6533
0.2579 1.8934 397.9587
0.3478 0.9863 33.6110
0.5662 0.4715 869.2370
0.2409 0.5686 983.5168
0.9109 1.2412 357.6451
0.3610 0.7899 69.4348
0.1599 0.6131 388.0006
0.3667 0.9862 29.4087
0.1662 1.1729 71.5565
0.3567 1.2413 66.6925
0.1052 1.5386 822.7187
0.6978 1.3385 642.1860
0.0900 0.3624 530.2285
0.2860 0.0981 322.2115
0.5799 0.2961 315.5680
0.8670 0.3623 794.8978
0.3237 1.1727 824.2110
0.6741 0.2964 175.0685
0.5380 0.2962 751.1333
0.7167 0.7900 544.9847
0.3977 1.0258 723.3248
0.8479 1.0256 8.7487
0.2342 0.7901 673.1817
0.5401 0.3626 744.9172
0.8690 1.1728 605.0524
0.7468 0.7897 940.9300
0.0689 0.0979 996.4865
0.1190 1.1725 72.4434
0.6557 1.6996 638.8086
0.9020 0.5685 826.3999
0.5031 1.5382 451.6077
0.1639 0.9861 266.0471
0.9607 0.8855 353.7612
0.6699 1.9919 592.0160
0.2717 0.9863 374.8527
0.5248 1.3386 404.6716
0.2132 1.7534 284.5661
0.1040 0.4719 91.0913
0.0741 0.5686 627.3231
0.0370 1.2415 885.3181
0.8950 0.4718 417.3395
0.6192 0.0980 624.5866
0.6910 1.0254 54.0270
0.8549 0.0977 331.9608
0.2957 1.9918 245.9548
0.1840 1.6997 524.2537
0.5409 1.4421 850.3794
0.4709 1.3385 851.8531
0.0587 1.8935 561.2620
0.6582 0.7897 148.6614
0.2861 0.4716 529.4589
0.3088 1.5381 443.4094
0.9242 1.1729 754.2710
0.8777 0.7901 902.4953
0.7560 1.0258 942.7240
0.0987 1.7539 870.3954
0.5148 0.8857 719.8890
0.6671 0.1689 522.5082
0.3771 0.7902 224.4174
0.5737 0.3624 48.1288
0.8417 1.6994 223.4226
0.1098 1.0253 536.1604
0.9087 0.1689 769.4052
0.5319 1.7537 338.3480
0.2879 1.0255 254.6722
0.8259 0.1691 516.5520
0.3317 0.3624 668.2121
0.0479 0.9865 851.7039
0.4498 0.1690 760.9931
0.5957 1.0257 642.2492
0.5738 0.5685 569.1638
0.8342 0.9866 398.9334
0.1330 0.2962 344.4555
0.5197 0.5684 633.2360
0.4291 1.2413 512.0591
0.5780 0.0978 282.4627
0.1789 0.1690 663.0102
0.3549 0.0977 467.0832
0.7271 0.9865 766.8631
0.2040 0.4716 869.8291
0.1591 1.4420 163.2779
0.7737 1.0257 232.0762
0.9449 1.3387 316.9751
0.8522 1.5382 158.6349
0.3791 0.3622 886.6160
0.8679 1.2410 126.6339
0.6028 0.5688 787.2421
0.7947 1.7536 291.9871
0.4571 0.4718 245.0901
0.7731 0.5686 798.3672
0.2548 0.7897 968.8881
0.9642 0.3621 923.1981
0.8877 1.1725 291.5659
0.6898 0.8856 192.1555
0.1687 1.7537 592.4894
0.1620 0.0978 984.4472
0.2421 1.3385 151.3615
0.1927 1.4421 445.9721
0.6952 0.9862 480.2204
0.7447 1.9918 943.8582
0.1192 1.8933 3.6882
0.6788 1.6995 125.6307
0.8880 1.7538 317.2375
0.4039 0.1690 224.9149
0.8340 1.5381 142.1993
0.9630 0.6134 873.5160
0.9439 0.1691 447.5756
0.5172 0.0981 527.4685
0.6389 1.4419 404.5126
0.1047 0.1690 261.5813
0.8797 0.1689 464.3274
0.0509 0.7901 85.7309
0.0639 0.1693 932.4273
0.2217 0.1693 450.6870
0.4162 0.7900 270.3406
0.3660 0.5688 89.6246
0.9289 0.9864 3.3540
0.9222 1.9921 125.4596
0.9542 1.0256 323.6843
0.0311 1.1726 772.9063
0.6657 0.3624 962.8367
0.6170 0.4720 22.2316
0.9621 0.4719 275.7627
0.3370 1.0255 137.2456
0.8991 0.7902 242.2203
0.4942 1.2412 571.3446
0.3649 0.1694 45.1078
0.0460 1.5383 986.9068
0.2170 1.0255 822.0240
0.5730 1.6998 490.2180
0.9268 1.7536 194.7846
0.3377 0.1694 548.2487
0.7457 0.6134 584.7613
0.6938 0.3624 528.2230
0.6720 0.7897 420.3400
0.1140 0.3623 86.8455
0.3912 1.3387 437.0780
0.3412 0.5687 494.7060
0.8057 1.7538 234.4601
0.4892 0.1694 409.5142
0.4432 1.7534 678.1937
0.4611 1.5384 705.7038
0.8768 0.5687 580.4003
0.3481 1.5382 783.9924
0.5088 0.6131 943.4201
0.0730 1.7536 61.5563
0.5187 1.6995 154.8364
0.3777 1.5382 755.3313
0.6130 0.1693 336.5283
0.4701 1.0258 697.7383
0.3021 1.4422 963.7123
0.1821 0.6133 729.2437
0.3822 1.6996 393.3685
0.3191 0.5688 958.3428
0.2521 1.0257 497.8598
0.0692 0.2965 743.4956
0.3551 1.7537 601.7170
0.1118 0.9866 144.8319
0.8567 0.4720 443.2890
0.9528 1.4420 482.3085
0.7977 0.1694 942.0841
0.4057 0.8854 802.2977
0.6920 0.5684 625.1292
0.5578 1.0253 155.8732
0.6650 1.1726 427.1436
0.1249 0.4716 380.7568
0.9648 1.1727 285.5672
0.7282 1.6996 696.5888
0.1259 0.5684 388.3969
0.9507 0.2963 191.1013
0.2011 1.8933 925.7385
0.5297 0.6132 596.6322
0.5618 1.3388 756.5214
0.7218 1.4424 597.4242
0.5292 1.0253 15.6366
0.6741 1.3389 975.9991
0.9011 1.0257 452.6711
0.6337 0.2964 817.0482
0.1429 1.1727 621.5864
0.8188 0.5688 611.0962
0.4311 0.5688 874.8336
0.4012 1.8934 422.4126
0.1701 1.2413 372.7740
0.1507 0.8856 154.9696
0.6058 1.9917 537.0663
0.7449 0.0976 417.8848
0.4600 0.0977 805.0464
0.7238 1.5381 510.1209
0.2939 1.3386 305.6635
0.8711 1.3387 62.9758
0.7657 0.9866 966.6740
0.5917 1.9921 456.1952
0.1799 1.0258 787.1795
0.7019 1.2412 377.6070
0.8098 0.2965 774.9129
0.4089 1.2415 266.0401
0.3591 0.6135 614.8927
0.3901 1.1729 786.3779
0.4989 0.9862 511.3278
0.7847 1.3388 143.3446
0.5231 0.4720 883.9794
0.8209 0.0979 198.2076
0.8990 1.6997 964.7572
0.4240 0.4716 968.0161
0.7328 0.1692 797.8799
0.7211 0.4720 239.2176
0.4059 0.0981 542.9079
0.5237 1.2412 207.7533
0.3599 1.3385 448.8300
0.8700 1.8938 584.2189
0.6117 1.4422 839.8669
0.2812 1.6997 986.2116
0.8102 1.6999 167.6221
365 180
160 354
102 155
333 433
370 111
375 200
92 370
426 390
15 325
27 238
395 286
470 112
224 112
90 337
422 90
410 106
364 93
38 113
469 433
13 314
31 94
298 415
495 299
97 219
99 326
150 245
96 444
260 341
131 327
449 189
151 2
375 151
299 201
66 29
134 185
286 427
155 433
256 467
83 467
322 437
217 146
61 150
462 437
471 72
109 7
49 369
215 150
309 232
498 396
488 196
139 28
174 30
88 488
395 146
212 447
129 34
456 74
217 13
318 429
430 173
186 297
241 79
230 172
67 370
394 92
439 110
259 423
442 416
247 473
177 35
480 349
432 171
265 430
218 16
26 298
203 195
390 2
156 372
63 363
241 270
473 66
236 1
73 409
2 82
292 454
404 320
7 101
435 249
106 328
336 192
133 332
199 336
182 212
484 51
316 97
447 191
408 409
398 107
217 58
425 215
202 230
433 244
217 433
147 434
341 267
168 356
30 459
31 496
102 469
84 331
171 471
289 462
327 87
270 40
241 393
143 178
157 160
215 441
436 55
306 55
310 141
340 179
308 207
19 489
463 299
101 358
215 325
9 196
292 67
427 175
110 261
469 216
413 49
453 325
215 217
52 268
433 389
465 237
81 204
338 214
100 352
269 152
442 100
267 381
66 192
338 358
171 281
157 168
403 425
313 189
46 163
242 299
457 379
406 243
376 311
43 289
441 99
59 82
180 93
450 432
246 251
204 186
388 102
296 5
395 356
171 285
357 289
342 486
49 309
307 422
72 337
392 24
96 348
15 468
406 464
279 247
32 500
378 229
277 370
196 88
326 117
82 490
228 466
294 75
313 251
66 345
358 214
50 327
358 374
383 400
491 376
137 180
104 77
189 205
69 368
480 355
383 146
331 472
451 462
280 93
267 420
250 100
273 141
129 433
294 439
134 105
242 10
257 336
419 77
290 408
215 184
314 284
100 416
105 84
28 303
132 474
383 188
369 1
487 461
114 215
364 280
325 403
413 299
344 205
367 18
226 40
495 149
485 81
229 484
107 105
406 92
174 256
336 279
225 65
221 244
484 282
228 315
16 293
487 242
254 103
395 391
8 482
433 417
236 203
353 331
321 331
307 72
98 175
2 375
439 378
158 493
325 468
374 432
362 413
104 137
26 115
493 45
214 361
9 432
402 16
95 413
92 40
278 178
54 313
158 465
255 374
235 222
460 413
81 335
16 141
497 12
454 406
436 247
404 278
442 352
135 242
397 188
166 237
420 313
228 355
73 493
296 470
245 354
298 181
397 443
381 386
146 13
220 388
147 78
126 165
431 252
73 450
355 217
425 441
385 202
200 426
104 419
368 126
455 24
52 257
438 202
339 431
400 397
391 356
64 428
146 132
306 345
117 456
175 329
312 380
452 413
22 405
146 301
388 336
173 174
83 28
292 373
99 117
142 92
25 302
146 363
41 64
492 136
302 347
41 351
285 21
328 317
152 451
180 104
483 362
498 392
404 260
401 137
156 98
464 478
168 104
256 377
26 431
231 436
179 312
305 139
213 261
352 355
55 311
168 286
298 39
16 176
497 426
51 275
221 435
139 465
131 217
161 59
395 414
338 109
181 39
276 305
404 57
440 433
106 8
144 228
150 354
413 463
152 85
275 372
497 200
238 266
145 477
40 320
217 99
42 241
413 100
281 90
116 208
99 399
294 15
349 250
363 329
4 489
96 428
274 53
33 191
408 465
128 403
168 125
146 46
421 73
297 211
228 186
370 182
40 412
187 245
99 456
329 427
29 55
341 79
348 500
139 83
202 323
153 417
396 487
144 122
282 402
299 240
38 102
21 471
124 26
332 199
430 420
146 494
459 45
334 392
168 414
49 464
186 263
140 455
338 275
490 2
341 143
306 302
348 212
51 18
47 102
143 366
132 77
160 401
55 123
2 426
278 359
417 208
60 295
228 5
226 270
354 130
342 246
315 466
495 413
206 376
119 251
36 303
350 394
1 203
206 347
240 149
407 144
304 228
28 446
146 314
433 47
66 4
132 494
372 125
194 209
71 268
439 310
455 392
285 118
327 407
498 334
30 6
151 258
470 224
59 108
334 487
355 44
54 203
264 46
262 201
371 111
439 273
111 145
380 179
274 435
139 36
68 484
210 464
106 20
236 54
433 252
225 215
128 213
416 355
142 418
245 61
119 72
53 431
237 493
371 3
264 364
228 217
335 211
157 372
49 232
119 486
217 415
33 2
42 317
410 379
381 54
16 21
25 492
231 156
177 26
127 201
287 161
217 407
113 287
269 330
381 143
93 264
94 496
371 227
234 226
454 92
185 387
38 80
66 102
191 92
431 499
215 291
419 414
264 301
436 14
344 1
275 18
26 194
32 324
266 350
140 433
252 499
211 362
216 343
71 279
228 44
53 435
471 60
493 166
283 465
313 307
48 369
96 500
305 36
125 156
382 343
16 118
300 245
327 384
410 42
454 67
289 295
146 63
244 249
99 233
219 455
16 322
254 481
320 243
34 298
303 446
373 201
302 136
348 428
287 102
80 343
472 479
321 161
266 20
64 351
126 417
87 26
100 411
268 98
16 346
152 413
490 212
214 255
70 334
14 156
424 194
463 438
7 138
250 228
258 108
217 399
192 133
175 268
196 432
30 45
330 17
93 401
477 111
424 26
457 92
487 135
179 127
427 125
182 111
168 391
194 335
26 69
411 355
30 166
390 497
428 41
228 407
32 80
479 489
215 233
16 445
355 349
282 16
399 16
187 314
433 34
72 251
89 282
159 336
239 459
460 230
391 414
107 405
328 303
87 476
156 175
250 413
76 152
319 437
31 327
284 187
158 237
205 342
84 253
244 435
188 46
152 37
236 344
469 47
329 268
72 281
360 264
272 138
148 124
389 97
233 184
264 91
223 367
26 339
478 359
39 433
25 306
49 210
94 26
476 94
177 333
464 278
350 238
486 246
27 379
350 398
191 2
254 179
292 477
164 65
201 103
19 136
433 499
227 248
261 16
360 397
105 185
288 155
148 26
87 384
245 259
287 96
172 463
428 287
278 57
301 163
11 284
310 378
168 419
172 202
241 92
52 279
308 37
199 247
229 293
366 478
470 194
202 475
128 261
71 52
102 159
113 102
424 496
16 285
160 104
97 24
307 420
48 386
157 223
255 285
443 245
319 445
178 478
107 394
389 219
365 93
129 415
211 483
268 14
471 285
369 342
222 327
474 419
1 342
62 189
62 313
475 385
235 26
235 327
458 220
1 48
491 272
354 91
361 68
184 441
78 318
433 500
130 401
413 230
92 447
251 307
120 326
255 432
3 461
193 54
247 133
371 500
19 492
294 128
179 201
62 251
253 331
217 336
116 434
55 138
245 225
33 390
82 108
254 197
90 30
355 76
4 25
283 408
415 34
97 455
240 197
229 402
449 205
84 387
281 6
225 61
352 411
385 126
26 221
142 405
394 457
250 44
371 461
253 353
443 360
255 89
77 365
205 193
366 464
345 29
33 418
460 202
57 260
196 290
59 387
215 423
489 353
487 70
24 10
347 55
465 136
1 205
327 217
209 470
93 137
88 376
67 277
154 229
385 368
388 433
174 467
295 269
281 239
5 162
16 207
474 146
100 349
433 336
329 146
71 14
382 324
67 145
6 90
212 191
275 367
8 353
297 483
31 122
259 215
462 322
56 245
58 433
284 146
238 379
297 335
395 63
48 309
447 182
68 282
440 435
458 102
400 245
146 163
211 385
126 208
136 283
410 328
79 420
338 7
20 27
412 341
81 194
348 371
292 262
116 78
433 216
420 317
303 106
75 18
53 433
56 215
377 174
223 372
247 29
330 85
464 386
206 283
378 176
108 151
472 161
387 331
58 129
228 224
262 242
56 217
421 158
135 70
442 355
445 37
500 324
165 153
288 458
424 470
196 374
316 389
362 250
26 476
291 183
51 439
485 167
72 422
100 480
371 212
447 370
392 371
4 479
228 167
254 240
402 346
393 92
196 376
19 276
115 86
212 64
305 465
304 112
341 178
396 371
26 318
332 247
166 377
3 248
464 232
174 90
418 92
130 91
263 170
452 330
371 182
383 187
166 83
440 249
323 385
357 152
435 431
487 3
407 122
93 146
280 130
266 398
450 45
78 26
379 92
40 234
122 466
169 395
475 126
199 279
224 162
433 220
196 491
166 45
231 190
320 412
47 155
89 68
473 29
245 217
45 73
85 413
422 174
140 392
354 443
360 354
390 418
232 386
111 277
293 176
207 445
432 459
446 265
386 195
29 436
406 254
231 123
294 18
482 353
317 410
81 209
12 418
481 197
152 462
454 179
239 6
25 489
124 252
178 366
206 88
37 207
16 310
373 454
148 252
186 250
37 319
123 190
74 114
487 262
340 380
433 434
384 26
62 205
248 111
328 430
361 89
434 208
51 361
384 222
405 92
289 16
392 500
453 157
444 500
281 459
396 461
271 369
275 190
101 491
96 113
345 25
161 41
152 330
35 26
99 425
374 491
255 282
307 173
70 392
184 99
433 181
22 497
169 414
377 30
234 241
33 92
413 271
175 125
221 429
396 392
55 272
292 248
43 322
255 358
167 470
486 17
76 207
312 254
372 231
341 57
340 454
294 261
213 425
261 99
299 103
170 228
323 211
120 215
49 271
187 400
351 161
50 86
3 227
479 161
173 422
276 106
253 398
243 92
332 336
136 206
207 355
376 347
150 453
191 490
298 35
281 337
308 76
23 439
143 386
289 21
485 209
61 215
82 161
410 241
336 102
282 118
219 433
110 16
23 378
489 472
108 185
254 149
79 412
406 210
198 333
27 266
321 387
99 291
477 67
19 448
10 463
73 9
26 116
438 10
107 22
165 433
264 163
208 69
320 341
450 9
116 69
26 86
346 229
154 51
448 8
16 378
201 242
86 327
9 290
14 98
259 164
339 252
380 406
7 358
5 470
372 190
264 397
92 320
79 42
277 145
19 465
180 77
160 130
213 99
453 223
201 292
127 454
500 382
336 52
474 77
39 34
121 244
280 401
173 420
146 169
211 368
487 498
460 323
183 114
449 193
265 467
248 487
121 429
270 393
302 492
64 348
473 133
26 222
171 72
117 215
142 12
253 266
446 328
126 69
17 60
183 215
80 216
343 500
238 457
103 481
4 102
215 65
228 263
200 108
138 101
272 311
428 161
210 495
427 63
179 103
327 115
316 165
409 290
95 330
482 106
101 272
44 349
190 109
64 490
89 214
167 209
312 406
410 27
200 134
30 239
143 267
200 151
444 38
438 24
17 342
54 344
74 215
286 356
165 97
452 95
249 433
394 238
362 460
99 183
85 452
60 119
8 276
421 493
474 169
57 178
195 54
333 148
269 357
50 26
131 115
128 425
458 433
309 369
468 75
415 26
146 365
319 16
453 468
79 234
271 342
269 289
404 243
416 480
91 360
120 99
421 408
434 417
326 215
226 241
489 492
51 229
233 291
82 64
147 121
287 479
170 81
204 297
274 440
187 217
102 216
17 271
153 433
423 300
78 434
188 400
130 264
433 147
215 456
159 66
227 111
13 187
433 121
12 22
437 37
322 218
217 120
31 407
130 364
50 235
247 71
433 274
206 302
430 317
491 311
109 275
210 254
26 429
470 122
316 433
40 79
200 22
472 321
95 271
107 92
82 351
475 165
406 278
293 346
296 466
140 500
443 400
295 17
347 311
193 344
261 399
237 139
22 134
256 83
258 82
333 181
276 303
48 203
123 436
489 331
92 410
271 330
377 83
403 15
340 406
198 148
138 109
102 80
231 14
16 43
255 118
258 2
223 18
104 157
255 171
109 55
433 343
215 300
245 164
345 55
43 462
411 76
361 484
320 260
276 448
15 128
485 228
166 139
468 294
32 444
92 67
178 359
499 53
97 438
422 337
294 51
133 336
177 148
26 217
325 150
228 112
324 80
449 313
413 210
300 56
426 375
411 152
319 218
265 328
350 107
266 353
26 131
229 176
354 157
21 60
159 192
211 26
485 170
467 446
26 335
353 448
386 203
378 154
479 102
106 27
273 110
453 75
211 69
157 125
296 228
97 475
99 74
494 365
301 93
23 154
66 133
55 190
296 122
486 251
146 11
11 383
75 223
100 152
127 373
470 304
451 357
244 429
289 451
246 205
292 487
16 217
401 104
54 267
97 202
290 488
482 20
414 474
359 464
167 304
187 11
71 436
386 366
387 108
437 218
330 295
197 299
405 12
252 198
423 245
297 250
305 19
124 339
496 122
381 195
323 362
318 147
25 66
248 477
144 315
257 146
