500 1400 4 248 320
113.2013 427.8051
0.7679 1.5420 33.6028
0.4139 0.3048 471.0994
0.9220 0.8347 86.6540
0.9507 1.7519 390.5023
0.8997 0.0059 880.9181
0.5522 1.2867 991.9191
0.1979 1.9805 91.3180
0.7840 1.1209 348.7406
0.6209 0.1780 214.4726
0.1607 0.4766 262.2266
0.4799 0.9886 767.8492
0.1960 0.9886 970.4515
0.4498 1.2869 287.8436
0.6321 1.0104 469.0305
0.0549 1.8276 69.6155
0.3059 0.5800 673.9271
0.9062 1.1815 60.1994
0.1962 0.7470 147.7255
0.9672 1.3804 19.6663
0.2742 1.2867 133.5647
0.1228 1.4756 340.7967
0.7941 1.2867 860.8290
0.6728 0.4472 858.5925
0.4802 1.5423 497.5235
0.7979 1.1814 693.1908
0.9421 0.7026 797.8837
0.9240 1.5423 636.3581
0.5792 1.9311 534.5811
0.2780 1.0101 217.4182
0.7611 0.0058 792.9334
0.7901 0.3049 406.6879
0.1102 0.0830 751.6750
0.8200 1.0099 931.3616
0.7128 1.6483 505.7679
0.5230 0.7472 936.9622
0.1387 1.5425 641.5198
0.0329 1.1818 659.1823
0.6128 0.0060 329.2967
0.5417 0.1775 303.4783
0.0429 0.3648 740.9357
0.6488 0.3053 64.2640
0.7568 0.4768 656.2147
0.0501 0.9010 333.2499
0.6622 1.4338 196.0360
0.8417 1.8274 948.3373
0.5360 0.2082 768.0272
0.2971 1.9802 721.6741
0.5761 0.8346 323.3336
0.7008 0.3651 506.7112
0.4891 1.9804 994.0195
0.3530 0.9012 844.8652
0.6127 1.2870 898.6501
0.8369 0.9012 760.8658
0.7017 1.1208 994.4481
0.8971 1.0103 389.8816
0.2727 0.3051 905.8990
0.0927 0.9887 530.1679
0.4490 1.1209 612.0690
0.1778 0.4764 619.8328
0.4099 0.8342 805.6691
0.9420 0.4764 154.8121
0.6318 1.2568 557.1136
0.2542 0.8343 556.5340
0.8819 0.3050 722.2611
0.8968 0.2081 974.9823
0.5778 1.0101 881.4757
0.7222 1.7516 550.7940
0.5702 0.0831 105.5302
0.6750 0.2082 424.2906
0.3838 1.2866 166.2534
0.7768 0.7468 924.3364
0.6447 1.6779 955.4734
0.1151 0.3053 643.8397
0.7471 0.4475 929.1671
0.5101 1.6775 764.3491
0.5039 1.0103 727.7694
0.5699 1.9802 255.8335
0.7299 0.0833 241.5155
0.5497 1.1209 593.0420
0.7192 1.2567 196.2185
0.8141 1.5423 985.4977
0.3492 1.5421 174.2676
0.8141 1.7518 569.0602
0.0898 0.3651 469.7592
0.3829 1.6482 711.6578
0.9678 0.5798 222.6137
0.5269 1.1818 255.1839
0.8941 0.7471 43.7500
0.3097 1.0101 535.7928
0.8107 0.9008 312.5908
0.8547 0.4767 523.9812
0.8591 1.9310 239.6276
0.3419 1.1204 986.1789
0.4178 1.2564 482.9398
0.7890 0.9013 943.4380
0.2198 1.2867 889.4493
0.4570 1.9311 994.4517
0.9388 1.9803 906.5476
0.3632 1.9803 642.4861
0.7068 0.9884 899.2893
0.1088 1.1209 365.9861
0.0338 0.1776 84.1528
0.3800 1.9309 711.3192
0.9522 1.8275 825.6625
0.0700 0.0057 966.6431
0.1328 0.3650 489.5490
0.4912 0.7027 755.3386
0.3137 0.4472 739.7521
0.2867 0.3651 118.5153
0.3929 1.9314 533.9798
0.8628 0.3652 313.2511
0.1207 1.4338 255.3332
0.2080 0.3050 350.8874
0.6141 1.3804 682.1647
0.1338 1.9807 587.4012
0.4961 1.1206 426.6066
0.0822 1.0101 161.4910
0.8777 1.1819 248.0989
0.2810 1.4338 233.5147
0.8899 1.8275 753.9914
0.6609 1.1204 593.8870
0.9230 0.3052 559.2740
0.8887 1.9313 518.2567
0.4902 1.3807 898.6605
0.0671 0.3049 883.7583
0.2301 0.3048 477.9910
0.8642 0.9888 666.8363
0.2218 1.8277 964.5928
0.5539 1.8274 412.3238
0.0789 0.7030 992.7594
0.5941 0.7471 326.8372
0.0432 1.0103 989.8328
0.2859 0.2079 33.8722
0.8718 0.0835 392.8505
0.5351 1.4755 723.7618
0.6648 1.0100 659.4082
0.3678 0.3651 109.1446
0.3370 1.2569 196.6276
0.5457 0.9884 165.4410
0.0910 0.2080 224.0786
0.6892 0.7026 221.1603
0.2112 1.5424 756.6363
0.3500 0.3048 651.1297
0.6681 0.0831 457.5710
0.4301 1.4755 793.2251
0.6677 1.9309 97.8896
0.5762 0.4476 76.9749
0.6287 1.5421 225.3637
0.6391 1.9309 594.3953
0.6610 1.2565 450.8472
0.4037 1.0099 508.4141
0.5938 1.2567 607.6022
0.7802 0.9884 211.8022
0.9128 1.6482 692.8918
0.5412 1.0100 294.6040
0.4620 1.4343 717.0305
0.6142 0.9010 564.8071
0.8478 0.6024 662.1787
0.3529 1.1818 492.4582
0.5647 0.4764 875.8809
0.7607 0.0831 895.7971
0.1127 0.4473 576.4306
0.3608 1.4339 608.9543
0.7698 1.4339 917.9092
0.7829 1.0102 465.2792
0.3648 0.8343 815.1560
0.2331 0.3649 462.2409
0.1030 0.1775 987.8360
0.8920 1.9804 983.2327
0.1229 0.4766 401.2910
0.9430 0.9884 609.6855
0.8042 1.2566 945.6279
0.3552 0.1778 705.4006
0.5431 1.5420 792.5623
0.1600 1.9313 211.6953
0.7368 1.4755 51.9309
0.2831 1.5424 648.9165
0.0942 1.9310 87.7360
0.0621 0.6029 519.3308
0.8359 0.8343 203.3399
0.3619 1.4755 120.6938
0.0648 1.9312 410.5148
0.4820 0.8347 688.9753
0.2711 0.9013 493.1734
0.4760 1.7517 88.1890
0.5847 0.3651 480.2268
0.1279 0.2081 7.5262
0.0827 1.7521 75.2228
0.4752 0.3051 543.9818
0.8897 0.8345 6.1456
0.6491 0.5801 316.6277
0.3761 0.0833 654.9874
0.9497 1.2565 288.0386
0.0422 1.1208 342.7783
0.1859 1.4342 189.6502
0.5567 0.8346 480.8714
0.1589 1.5423 743.0379
0.0858 0.8344 529.9140
0.7359 1.6780 984.8377
0.7819 1.6780 593.5823
0.9267 1.9309 699.6445
0.3277 0.3648 536.8486
0.4227 0.7470 62.9804
0.0751 1.4751 576.4050
0.1642 1.6481 811.6885
0.8831 0.7025 946.8687
0.5402 1.6485 394.3803
0.2820 1.2567 494.3778
0.4739 1.6485 638.0136
0.5587 1.3809 931.1181
0.5768 1.1205 218.8761
0.2612 1.9312 714.8229
0.8587 1.2870 719.1243
0.1542 1.4339 688.5461
0.8492 0.1778 606.0810
0.5087 0.3652 725.9546
0.2780 1.6483 859.1252
0.9210 1.2868 955.1515
0.6241 1.9807 396.0663
0.2762 0.4476 185.1852
0.8971 1.4343 398.3692
0.3691 1.6778 868.7734
0.2617 1.1209 201.1290
0.9667 1.6778 365.2886
0.2540 0.7027 913.6282
0.3531 1.2566 816.4426
0.4562 0.2080 610.6035
0.1991 1.6481 191.3803
0.3682 0.6028 401.8008
0.5982 1.4340 852.7817
0.9502 0.2082 721.2538
0.2990 0.8347 745.5248
0.8588 0.4475 983.4237
0.2491 0.0830 516.1032
0.3261 1.3804 579.7969
0.6719 1.8275 925.0834
0.1897 0.3650 429.8836
0.3712 1.0100 797.1768
0.1788 1.1205 388.1128
0.5621 1.6776 729.7682
0.2447 0.4768 735.8345
0.4809 0.0833 996.4306
0.4391 0.4472 904.8142
0.8771 0.4769 466.0718
0.7042 1.0099 623.2948
0.8129 0.8345 255.3479
0.6501 0.3651 303.4781
1.0000 0.0000 349.8212
0.7298 0.3050 150.9681
0.1622 1.1819 559.3697
0.4127 1.3805 181.7124
0.0599 0.7469 614.7227
0.0390 0.8342 791.3979
0.5069 0.0059 724.5470
0.3338 1.6777 110.0892
0.2047 1.7521 249.6019
0.7290 1.5420 455.7776
0.2171 1.6778 722.6674
0.1680 0.4475 175.8406
0.7728 0.1778 203.6611
0.8897 1.3806 508.7080
0.1837 0.6028 435.9751
0.8118 1.3807 745.1988
0.4860 0.9011 391.5321
0.4681 0.5797 801.9943
0.8509 1.3806 371.6050
0.4410 0.0061 984.1013
0.3029 1.8272 972.1064
0.7598 1.1205 317.0476
0.4668 0.1780 808.1169
0.0909 1.2866 168.2508
0.5222 0.4764 562.2848
0.0598 0.4474 464.7602
0.7158 0.8345 659.3196
0.0647 1.3806 33.2990
0.1138 1.2569 598.9708
0.0827 1.6779 492.9394
0.7617 0.3051 194.4943
0.7990 1.9309 438.6558
0.1301 0.3049 675.6954
0.1502 0.8343 763.2709
0.0501 1.5422 412.8896
0.1997 1.4751 202.8202
0.6540 1.3806 210.4425
0.4012 0.2080 242.1846
0.6749 0.9008 535.1548
0.8197 1.4756 691.8608
0.6251 0.3048 692.2081
0.2059 0.2080 545.4550
0.2828 0.0835 29.9393
0.2182 0.8346 791.9009
0.1357 0.9008 182.8006
0.0352 0.4768 51.7571
0.8881 1.6778 714.9409
0.4487 1.3808 126.1123
0.0461 1.6482 237.6706
0.7981 1.9804 945.0008
0.7292 1.1206 201.6696
0.7470 1.8272 554.5418
0.9247 1.4339 89.7973
0.8098 0.2082 403.4893
0.3960 0.7029 47.0959
0.9352 0.6029 767.3432
0.4609 1.6777 6.3374
0.8171 0.4764 983.8997
0.1391 1.3805 528.1668
0.2780 1.7519 178.9458
0.3361 1.1814 866.0650
0.5591 0.0062 716.2145
0.4092 0.9883 589.6559
0.4089 1.7520 424.7588
0.8797 1.5423 78.6432
0.1680 0.9008 302.2228
0.6678 0.4769 486.5724
0.3930 1.1204 314.6173
0.1049 0.0058 628.4916
0.7028 1.1818 464.0680
0.7850 1.2569 700.5109
0.7058 0.0058 537.1711
0.0000 0.0000 460.1751
0.2300 1.9314 296.4486
0.9219 0.7471 589.5078
0.4768 0.0057 102.9324
0.3152 1.7518 959.8537
0.4907 0.2079 431.0119
0.4969 0.1776 50.7154
0.4138 0.9010 538.1139
0.0702 1.6780 425.6998
0.4851 0.6028 640.8061
0.4818 1.8273 804.8431
0.1070 0.6028 604.0804
0.4712 0.3649 685.7946
0.3588 1.6483 417.9258
0.2497 0.7471 108.4735
0.0542 0.5801 246.2663
0.2188 1.1204 151.7613
0.6410 0.7472 968.2757
0.1819 1.2869 590.0999
0.6300 1.7520 854.0429
0.3008 0.0060 504.2718
0.1719 1.6778 30.2320
0.8391 1.2567 648.6524
0.4881 1.1816 671.4326
0.9497 1.4751 838.4760
0.9372 1.1206 501.4799
0.8560 1.0099 74.2409
0.2881 0.4768 960.9202
0.8510 1.4752 436.1917
0.3179 0.9883 474.8035
0.0441 1.2568 615.1390
0.4611 0.9013 180.1573
0.8240 0.1776 730.2100
0.3158 1.4341 116.4574
0.1511 0.0062 249.4872
0.3292 1.1204 650.6618
0.3641 0.7025 115.5773
0.9697 1.0102 223.3505
0.2537 1.3809 544.6096
0.6881 1.9802 537.6333
0.1128 0.9884 932.9757
0.1060 1.8277 191.9784
0.1549 0.0835 48.9534
0.6008 0.7027 971.8382
0.8558 1.6482 132.3372
0.7171 1.3807 661.0481
0.5967 1.1209 390.8315
0.3869 0.7471 7.5255
0.8147 0.6025 382.3576
0.0897 1.9806 732.7789
0.6020 0.4764 649.1231
0.2342 0.0058 495.4845
0.0568 0.0835 647.5354
0.4272 0.8347 641.2395
0.7399 0.3648 733.6349
0.3210 0.9008 937.8870
0.6987 0.6024 602.9335
0.2541 1.8273 91.2345
0.8390 1.9802 744.2460
0.2528 1.0102 879.9826
0.5477 0.6026 655.3878
0.2882 0.0060 230.8702
0.6500 0.2083 583.9824
0.8242 1.4341 252.1866
0.8537 0.0832 172.0944
0.7252 0.4768 96.1220
0.8390 1.7520 893.3981
0.8397 1.6775 94.1156
0.5991 0.9010 75.0944
0.6269 0.8345 35.9268
0.5771 1.4753 972.0425
0.4267 1.1208 616.7120
0.5171 1.4338 607.5522
0.7918 0.7029 143.3644
0.8009 1.6481 346.1087
0.0837 0.9009 538.7720
0.4167 1.4341 605.7249
0.7097 1.2867 511.9656
0.8828 0.3649 395.2209
0.1659 1.8272 319.7618
0.8997 0.9011 435.8263
0.5547 1.2564 751.8804
0.0741 1.4339 664.8530
0.6158 1.1817 363.4035
0.8470 0.3049 271.6827
0.3497 0.0057 616.3134
0.3307 0.1775 503.8299
0.8981 1.1209 734.2462
0.9590 0.9009 545.6806
0.6012 1.6480 893.9095
0.5150 1.8276 338.3549
0.1890 1.1208 194.0563
0.3211 1.9311 219.1062
0.4522 0.6024 392.8428
0.4001 1.9804 710.7186
0.6408 0.9885 373.8029
0.6398 1.4754 332.5802
0.3611 1.8276 934.9830
0.2742 0.2083 775.9727
0.9630 0.3649 752.7772
0.4901 0.4764 924.0009
0.3667 0.4764 352.8156
0.1489 0.7469 558.1965
0.3087 0.0831 274.8155
0.5012 1.7516 456.3980
0.0738 1.1209 636.2439
0.2547 1.6777 210.1941
0.8278 1.1206 617.3206
0.1382 0.7025 644.3644
0.3721 1.5423 139.8662
0.6482 1.7519 967.3688
0.9241 0.4474 191.7848
0.4451 1.9806 272.2747
0.5500 0.9013 667.6158
0.2691 1.9804 985.8417
0.1648 1.0101 101.9661
0.2278 0.9011 501.1602
0.7291 0.7469 438.6354
0.2221 1.2565 210.8539
0.2871 1.4756 44.1576
0.1399 1.2569 37.5821
0.2071 1.3807 71.7536
0.9177 1.2565 821.0618
0.1009 1.7516 28.0741
0.1452 1.0101 20.4354
0.4531 0.3649 677.5651
0.5020 1.2567 355.8701
0.5617 1.9311 959.3055
0.3572 1.3805 1.5628
0.7760 0.5801 499.3477
0.4378 1.2567 23.4399
0.7457 0.8345 271.3068
0.6291 1.4340 405.7542
0.5819 0.3052 416.6852
0.6700 1.5420 971.4671
0.7322 1.9311 681.0158
0.8649 0.0058 640.7359
0.5521 0.4476 289.4139
0.3902 0.3048 17.9692
0.9437 0.0835 731.3203
0.6067 0.3648 929.5340
0.6357 1.8273 252.1647
0.4667 1.5423 14.0718
0.1088 1.3806 93.2135
0.6958 1.6779 872.9986
0.4127 0.4767 226.8264
0.1928 1.9314 694.4010
0.4561 1.0100 304.3500
0.7349 0.0061 919.9988
0.6221 0.6029 921.9443
0.9510 0.1778 258.3368
0.6962 0.1776 201.9679
0.4420 0.0835 179.4515
0.5407 0.3052 547.0996
0.1882 0.1775 507.5425
0.7777 0.2079 72.1656
0.2022 1.1819 274.4756
0.9307 0.0060 710.4159
0.4207 1.6775 314.3030
0.3149 0.4769 656.6479
0.8197 0.3649 813.5525
0.3150 0.6027 157.6117
0.0677 1.9804 39.5818
0.6059 1.9805 113.5864
0.6229 0.0831 679.3241
0.7699 1.9807 740.5372
0.8122 1.8275 522.4393
0.8247 0.4474 200.5795
0.5841 0.9886 963.1272
0.7187 0.9012 888.0610
0.4229 0.4472 163.7574
0.1778 1.2564 240.3318
0.2680 0.1775 120.7194
0.4257 1.8276 296.0390
0.2422 0.9887 788.1300
0.4951 1.9313 982.7714
0.8580 1.1208 925.9440
0.7557 1.9313 56.0541
0.7349 1.3807 943.9975
0.7282 1.4343 662.8349
0.6812 1.6481 823.4762
44 390
218 248
277 328
396 283
320 105
252 320
187 102
136 14
193 442
456 161
85 142
95 451
198 253
125 140
273 202
477 98
323 192
368 449
338 271
384 161
123 378
44 452
99 47
475 471
92 279
419 122
379 29
402 112
314 335
130 422
150 308
302 337
107 329
90 53
483 97
351 494
462 283
286 489
449 244
472 270
381 340
144 484
117 58
196 18
105 482
199 464
8 165
139 157
403 342
67 200
429 204
495 447
493 417
242 319
346 427
485 254
205 282
491 440
3 248
312 176
57 292
195 275
82 177
77 110
50 212
424 417
215 134
480 473
394 34
102 168
494 29
248 322
344 348
103 77
196 286
37 391
436 313
257 154
335 305
253 320
118 442
414 212
23 186
241 162
372 32
250 37
48 367
179 331
253 252
47 321
37 350
211 308
37 440
492 192
356 481
379 360
109 202
175 15
495 399
235 230
248 98
158 26
345 407
370 487
65 64
294 224
415 488
400 190
90 95
428 225
224 4
202 113
160 272
141 393
474 492
366 151
255 311
452 145
434 47
361 15
94 450
67 430
416 1
246 131
57 43
357 345
253 436
79 116
197 36
394 387
237 125
49 458
122 64
174 24
26 322
335 160
357 248
300 348
441 358
462 429
108 347
129 430
435 57
382 326
311 185
241 259
122 248
222 185
7 381
419 404
356 329
279 299
307 256
240 72
426 209
116 29
323 254
248 459
243 490
421 479
48 203
161 5
125 40
48 196
378 319
306 441
492 406
34 148
70 13
191 449
288 453
60 373
186 460
305 487
416 81
225 35
67 387
292 395
192 267
137 202
309 297
227 288
201 378
345 248
353 275
20 401
118 25
198 252
360 327
270 242
131 225
261 397
389 48
414 432
296 282
38 297
419 31
188 377
82 204
428 203
390 383
407 25
105 362
320 179
165 245
256 268
365 383
9 39
475 249
67 461
374 480
126 113
123 486
27 176
146 129
455 236
66 155
400 127
285 227
95 246
173 325
444 57
128 28
159 308
366 155
387 34
11 139
21 204
261 300
24 34
431 111
442 218
208 138
389 274
230 392
246 180
15 495
93 355
41 288
297 485
144 30
37 450
275 320
394 294
36 228
263 498
207 409
497 297
440 276
157 183
334 48
263 70
418 133
55 346
181 454
418 473
316 362
452 235
330 410
492 285
273 237
437 363
144 9
152 70
335 179
322 180
156 439
142 177
385 42
106 84
202 126
75 207
83 299
168 290
17 248
293 320
445 143
488 139
6 318
258 209
467 366
243 332
178 7
290 381
412 212
329 363
185 268
377 256
99 340
142 204
34 454
197 85
109 273
269 87
326 46
461 146
417 146
130 367
424 185
176 81
26 368
222 478
275 463
271 275
489 196
308 366
37 94
319 297
398 431
436 184
494 12
415 467
183 196
216 143
249 419
419 64
41 398
226 37
341 85
130 428
63 291
337 363
33 427
34 199
393 380
141 363
149 417
418 289
252 373
324 311
116 58
403 87
120 386
11 264
497 279
49 247
473 111
88 71
359 447
262 331
162 59
254 192
124 295
226 138
163 204
233 487
382 41
221 287
325 46
103 50
15 103
336 132
396 21
124 210
322 206
239 37
319 472
420 23
370 160
102 285
311 258
115 354
9 69
243 457
300 248
480 111
182 15
397 22
320 37
110 15
13 6
349 351
222 255
229 335
132 57
192 474
221 176
320 350
30 468
284 338
221 261
278 475
398 419
248 154
105 316
271 491
433 60
470 248
435 58
134 459
172 318
298 14
132 58
236 497
281 252
26 206
378 297
249 398
291 375
73 167
224 248
24 439
133 285
232 327
27 248
78 144
66 153
360 375
290 405
132 355
2 140
253 184
11 310
145 230
204 320
47 340
184 360
153 53
124 271
27 287
275 402
166 232
285 168
189 2
245 8
176 287
400 3
337 356
447 219
98 201
12 351
221 498
280 140
222 207
54 87
346 496
273 320
438 491
412 15
273 40
42 305
476 150
271 284
207 462
62 150
483 405
271 251
347 479
39 382
259 347
64 404
337 437
77 97
183 286
186 74
95 100
18 183
352 384
282 36
179 130
241 335
62 13
230 452
182 320
342 172
248 231
21 283
167 280
336 411
348 287
408 400
271 114
88 246
451 246
288 46
274 451
315 132
335 262
327 351
128 495
471 9
114 383
431 244
112 204
377 28
311 268
7 340
352 260
33 165
249 69
332 445
196 334
111 233
265 380
176 416
455 497
130 18
51 63
37 138
30 484
144 39
328 205
320 296
252 60
255 207
365 284
302 329
200 387
297 28
318 80
218 19
35 451
371 234
393 206
457 420
101 239
479 335
84 273
373 157
289 189
193 248
382 288
37 79
265 16
225 331
453 111
322 3
386 104
441 230
377 149
313 360
466 321
188 443
319 38
422 18
355 223
91 335
396 463
232 351
128 399
178 15
169 201
51 360
86 449
442 342
378 92
209 429
204 119
188 399
37 411
88 393
77 483
376 265
307 341
312 154
258 341
277 217
478 304
361 188
320 15
311 222
166 264
89 366
271 441
215 470
466 7
214 112
379 435
135 145
181 230
329 380
432 50
132 239
113 140
273 106
489 415
45 386
439 174
209 207
35 203
320 102
321 212
76 366
188 328
127 346
271 320
303 86
177 209
496 55
450 271
483 219
121 343
153 100
328 217
63 252
431 248
90 246
221 365
295 251
58 37
421 335
139 433
391 315
134 384
329 16
418 189
485 323
91 233
302 107
321 15
34 200
125 73
68 242
334 130
194 132
70 62
409 24
278 249
401 37
171 248
476 250
478 185
101 37
344 248
271 306
100 53
231 64
94 226
143 56
6 263
263 52
487 385
377 443
335 481
339 430
317 496
159 366
53 180
425 101
99 321
419 278
240 75
80 159
265 244
22 213
167 237
370 335
412 50
77 50
404 31
365 96
330 493
360 57
385 335
457 332
401 152
192 405
268 307
115 381
462 21
334 367
108 490
469 393
434 466
146 410
204 177
333 341
212 432
390 499
246 337
55 357
256 443
49 189
89 139
473 453
13 150
31 475
181 145
153 136
323 267
109 113
140 56
353 163
211 89
455 146
467 151
67 199
96 284
472 38
335 320
448 251
235 358
339 75
358 230
339 493
200 199
466 175
468 484
356 302
412 103
37 93
275 214
295 271
340 290
54 66
19 248
373 433
427 496
19 261
378 30
343 87
100 415
24 283
207 72
78 471
132 425
162 273
234 290
19 397
156 392
182 482
120 201
5 384
11 29
384 471
428 367
89 11
342 218
184 375
210 114
382 69
5 477
2 458
405 423
324 307
407 496
212 15
83 386
333 197
459 470
180 190
463 271
308 476
74 272
37 315
211 250
257 454
211 79
36 333
165 127
80 13
147 457
12 379
468 319
33 346
66 366
405 432
431 61
254 472
166 351
329 141
292 253
247 143
173 406
291 252
37 438
281 291
500 464
447 28
158 86
486 299
115 369
121 66
381 371
171 127
397 52
465 421
335 170
12 29
259 220
117 444
96 338
10 170
279 378
155 415
347 335
480 189
311 426
439 283
320 328
43 395
384 260
325 288
31 278
125 320
169 98
253 375
433 11
266 221
81 154
445 162
231 122
320 130
460 74
290 423
8 269
207 478
52 266
207 240
154 27
365 70
93 315
129 410
34 174
438 208
91 244
15 466
143 460
92 123
376 368
477 459
39 69
490 445
185 417
107 363
190 3
65 231
422 373
65 470
443 328
72 464
235 448
280 113
204 36
284 114
356 413
178 175
193 17
461 129
174 148
102 140
460 233
8 33
30 456
453 285
260 471
88 322
58 391
491 37
482 369
23 74
394 364
473 285
181 174
439 396
168 234
152 20
29 349
87 318
40 84
406 227
144 326
168 423
108 465
159 343
221 348
143 140
181 392
456 98
310 349
41 249
173 270
190 322
329 413
54 121
485 359
405 50
87 80
285 288
297 149
80 150
207 426
484 68
128 447
352 215
89 238
204 214
157 388
377 128
20 96
162 259
126 56
107 337
38 309
414 99
271 235
60 166
464 67
140 189
136 245
239 411
24 462
59 335
115 7
140 320
10 162
359 267
359 28
328 296
169 378
53 190
146 149
489 488
157 286
236 83
433 264
402 204
353 119
415 66
314 385
49 374
342 87
420 147
207 304
154 364
225 337
401 446
497 299
313 292
451 131
7 434
475 215
499 114
193 218
368 86
240 339
438 271
271 276
271 138
105 372
335 272
252 422
164 499
123 120
108 220
373 388
280 109
465 335
312 81
20 70
192 168
469 380
4 386
192 472
143 458
236 67
132 391
91 487
233 49
172 218
396 204
345 17
154 1
268 417
221 300
118 345
55 127
53 400
115 316
74 487
469 206
140 458
32 105
188 320
123 201
343 54
359 405
115 178
430 461
327 51
262 225
44 499
472 173
486 92
258 426
431 91
169 456
62 250
158 368
450 446
241 347
387 294
34 500
473 189
396 156
191 368
330 339
59 241
326 270
489 100
314 487
234 362
257 1
447 483
352 134
317 442
163 275
87 427
6 52
407 55
236 461
233 374
12 360
487 42
435 116
237 106
67 83
361 399
59 10
159 150
267 405
143 332
332 147
461 455
110 97
397 318
71 246
1 135
378 497
142 209
37 194
266 263
125 106
140 73
116 37
376 191
353 204
57 379
405 219
139 286
119 195
472 242
85 333
365 498
134 477
298 269
428 331
454 148
152 62
420 490
406 285
444 435
423 192
73 280
334 18
456 5
335 420
111 288
390 135
131 35
255 426
312 27
301 215
209 85
281 198
223 37
362 32
418 102
419 431
347 220
402 320
373 183
37 208
45 120
63 232
300 344
210 499
80 343
380 16
428 179
213 19
211 476
285 474
205 228
248 419
248 408
500 409
345 25
26 303
90 100
131 337
110 103
45 486
201 248
252 130
206 376
405 414
170 293
439 181
136 8
78 161
320 43
382 249
244 191
151 238
35 428
20 450
289 187
182 115
182 178
398 111
359 219
320 132
217 333
248 86
271 94
475 69
227 325
66 14
136 269
340 414
475 260
72 430
349 494
30 78
102 234
330 146
485 28
149 28
372 320
194 425
271 448
463 306
8 427
409 464
384 477
277 333
430 330
37 355
293 273
137 56
328 228
6 80
389 95
257 145
247 460
339 424
350 276
467 76
499 251
153 127
301 404
475 352
72 67
403 317
289 102
90 180
326 68
296 205
54 298
298 87
345 55
488 89
114 164
270 68
186 216
356 225
47 466
204 195
23 272
326 39
233 431
65 301
15 97
263 13
124 499
133 473
481 262
197 142
72 339
375 198
303 248
228 282
3 408
161 30
97 495
70 498
271 208
400 171
29 79
441 392
341 311
295 499
455 297
325 270
448 499
370 314
51 375
268 324
420 465
46 270
217 228
68 319
63 327
264 351
18 373
221 383
220 445
484 319
257 394
91 305
433 388
60 264
154 224
61 248
322 246
197 204
19 22
155 76
493 424
277 256
109 167
342 317
331 335
264 349
320 57
187 140
42 335
147 23
121 159
121 366
204 462
439 392
52 261
492 472
313 253
488 286
95 196
146 297
413 335
224 83
257 364
29 211
339 304
410 430
273 10
263 221
137 445
15 188
277 307
253 395
405 77
329 393
193 118
320 194
396 441
27 344
351 360
126 137
195 214
394 224
440 271
303 158
216 23
464 207
1 81
128 188
88 206
25 442
203 274
328 256
29 89
377 268
62 476
71 393
1 145
135 452
14 153
61 244
58 444
394 454
354 371
281 375
269 14
213 218
375 63
82 429
478 339
378 456
76 415
171 357
22 172
17 118
468 378
74 160
472 309
416 390
48 95
93 132
371 115
469 265
459 215
490 332
189 187
16 335
275 119
105 115
166 252
470 231
266 261
71 437
26 248
425 37
464 34
376 469
406 472
277 341
495 361
248 104
386 299
293 335
73 237
480 233
306 396
204 282
362 102
336 223
25 496
446 20
209 341
371 362
332 216
173 227
254 309
46 382
74 370
292 360
127 33
117 57
235 44
415 238
209 462
323 359
96 450
238 366
203 367
117 132
462 409
300 19
500 24
441 156
133 102
244 16
245 127
489 95
320 482
75 304
320 282
217 36
365 20
232 252
477 248
437 246
40 320
247 458
396 275
390 1
316 354
82 209
189 374
450 338
398 288
143 186
420 272
290 371
368 206
335 244
354 362
474 168
4 248
126 140
301 475
445 108
416 221
301 31
481 229
120 104
224 67
8 87
396 163
413 229
211 366
191 265
236 299
317 25
383 164
383 284
152 37
340 405
57 395
