500 1400 8 254 79
524.9931 250.0570
0.4881 1.0829 634.5431
0.2200 1.4317 41.3481
0.8089 1.1221 148.4992
0.5388 0.6178 952.9695
0.6811 0.5657 213.7239
0.9420 0.5041 304.7196
0.4777 0.0603 888.1972
0.2308 1.5436 676.7328
0.4179 1.4319 882.4300
0.2091 0.7703 416.0583
0.9217 1.3434 209.8758
0.8982 1.8106 972.4756
0.6892 1.9889 296.3340
0.5940 1.9890 281.3602
0.7597 1.0356 913.8233
0.4651 0.5660 340.6304
0.2031 1.5704 970.0173
0.9417 1.0826 303.2617
0.3521 1.1223 768.0860
0.4599 1.0828 95.2083
0.0590 0.0598 163.1214
0.4499 0.6176 753.4721
0.1318 0.5658 739.3266
0.4602 1.2983 74.6469
0.2712 0.5658 998.5738
0.0550 1.2986 564.1904
0.7641 0.2417 311.7871
0.7978 0.4386 80.8557
0.2441 1.6793 144.3698
0.9369 0.8938 618.1699
0.5888 1.0829 827.0087
0.9498 1.1781 979.5761
0.2141 0.0133 60.2000
0.3462 1.5438 805.5561
0.0500 0.9760 642.0899
0.9697 0.4387 459.8672
0.1470 1.7821 664.2756
0.3952 1.0357 808.6878
0.3078 1.3433 211.8055
0.7097 1.8972 250.8603
0.0769 0.2871 27.7957
0.2609 0.1641 855.1985
0.4262 0.6665 453.0474
0.6401 0.0603 448.1670
0.3781 0.1642 833.6410
0.7369 0.4579 231.1363
0.2948 1.5438 840.4235
0.0317 0.5042 863.1203
0.6981 1.3433 717.1215
0.0909 1.3677 268.1856
0.7422 1.3676 178.3920
0.5458 1.9016 921.0023
0.6517 1.7483 658.4616
0.9627 0.2417 288.5113
0.1450 0.2871 806.7391
0.6230 0.5045 578.2613
0.6527 1.5435 813.5761
0.8218 1.6357 500.6358
0.5008 0.2872 199.1546
0.8021 1.8974 660.6388
0.2061 1.8971 96.3121
0.9562 0.9757 125.2271
0.6331 0.5660 898.3051
0.0449 1.9016 591.7324
0.9550 0.6176 73.0209
0.8397 1.1221 372.7425
0.4181 0.8033 48.0326
0.0840 1.7481 911.7733
0.2979 0.4386 48.8252
0.2677 0.8038 711.2102
0.5658 1.8972 627.1762
0.3281 1.3677 40.1504
0.3389 0.4580 41.0338
0.0760 0.2416 179.6635
0.1550 0.1641 32.4193
0.7867 0.3978 77.4744
0.3039 0.1641 527.1048
0.6787 1.6791 173.5254
0.0000 0.0000 548.7608
0.9560 1.4319 88.5612
0.5368 1.5440 233.7546
0.1029 0.2416 732.3889
0.2130 1.0829 120.7753
0.2022 1.9020 327.9195
0.5618 1.1781 101.8634
0.3179 0.5657 754.3827
0.2849 0.6177 272.5552
0.4020 1.1784 453.8748
0.6072 1.7478 426.3499
0.8571 0.6180 401.0134
0.1359 1.5440 80.1045
0.1402 1.7478 874.1494
0.6852 0.0132 15.5220
0.0369 0.3976 377.8795
0.3828 1.9888 396.8230
0.1460 1.8109 785.1927
0.3059 0.2873 399.8190
0.1139 0.5042 268.5834
0.5132 1.8974 458.0052
0.2761 1.8974 142.5461
0.2500 0.0131 517.2987
0.8851 0.4582 978.2670
0.4177 0.2419 72.9670
0.7898 0.9757 90.3409
0.6397 1.3681 663.7318
0.1147 0.8938 882.1646
0.8429 1.1786 72.2796
0.3312 0.6176 277.2525
0.9200 0.0598 226.7366
0.3221 1.5702 80.1155
0.3450 1.8973 678.6311
0.3641 1.7822 315.8673
0.4167 0.0600 785.0049
0.5061 1.7819 736.2830
0.1239 1.1224 516.8648
0.4177 1.9019 902.7968
0.9520 0.4579 999.6143
0.6267 0.9759 800.7592
0.1488 1.4531 731.7932
0.6889 1.8106 900.0090
0.5998 1.4531 961.9237
0.2302 0.3975 187.7244
0.5382 1.5703 707.9484
0.9377 0.2873 247.7403
0.5577 0.3978 319.9627
0.3841 0.0132 234.6903
0.9689 1.7821 696.4387
0.9582 0.7706 956.5204
0.8172 0.6668 54.6559
0.1030 1.2986 528.3998
0.5599 0.6176 971.0128
0.7498 1.4322 95.5169
0.1041 0.5656 383.3664
0.2611 1.4531 776.7468
0.5151 0.1642 327.6990
0.7977 0.0131 911.7450
0.4481 0.8937 501.2443
0.1091 0.9760 926.8603
0.6291 0.1644 375.7364
0.5330 0.0601 316.6862
0.2568 0.8938 859.2359
0.1047 1.9019 108.2191
0.6407 0.9051 177.9904
0.0509 0.4579 731.5589
0.7470 1.8972 749.5147
0.7312 1.9892 686.7957
0.5982 0.4388 719.2648
0.2117 1.2984 100.8053
0.3228 0.4387 271.4325
0.3538 1.0357 72.6527
0.8201 0.8033 285.9198
0.7552 0.1641 308.3507
0.8671 0.4389 313.7086
0.4560 1.6355 93.8225
0.4500 1.7823 469.5712
0.5562 1.4318 952.8139
0.7917 0.1382 823.9695
0.6960 1.0359 59.9554
0.5242 1.2012 912.1002
0.8140 0.5042 313.8457
0.8548 1.6790 266.2656
0.0501 0.3325 809.7228
0.2181 0.7256 351.0637
0.7727 0.9053 252.7971
0.5379 0.4582 564.2461
0.1279 0.8036 851.1912
0.7729 0.0598 240.5646
0.1287 1.3436 644.2040
0.7160 1.1219 760.1886
0.5309 0.5661 165.1920
0.7432 1.5437 473.9891
0.8330 1.2983 331.8484
0.3427 1.9892 360.8689
0.9032 1.7483 849.6756
0.1069 0.4582 524.5804
0.8662 1.5705 635.9059
0.6478 0.3325 800.8401
0.3450 0.5660 724.9535
0.2462 1.1786 178.5769
0.9639 0.3978 940.6275
0.2508 1.2011 592.9680
0.0492 1.1786 441.6375
0.8688 0.0603 391.3151
0.4300 1.6789 901.2179
0.6631 0.8036 293.7606
0.6712 0.1383 951.0078
0.8047 0.4583 816.3361
0.5882 1.6359 982.1465
0.7678 0.8938 395.1298
0.1621 0.0130 803.1200
0.5829 0.7253 656.1013
0.7781 0.1644 891.7887
0.1562 1.6793 286.6010
0.8729 1.9015 846.6237
0.1807 0.3324 634.8470
0.1010 1.3434 310.2893
0.1117 0.4390 105.4333
0.7928 0.3327 234.6660
0.0398 1.5702 656.9648
0.9160 0.0130 785.7882
0.2062 1.7481 781.0631
0.4798 0.4581 523.1906
0.8300 0.6178 573.3379
0.4539 0.9050 967.6022
0.8710 1.7823 59.0441
0.6237 1.3435 965.3986
0.8667 1.0358 658.7267
0.7960 1.5437 920.4270
0.5802 0.2417 497.5149
0.7971 0.5659 309.6031
0.9228 0.1386 392.4796
0.9071 1.9891 578.6814
0.1678 0.0601 104.2837
0.3452 1.2988 616.0888
0.4718 0.2419 680.3888
0.8360 0.9759 726.1316
0.8602 0.3323 898.2175
0.7202 0.2871 390.0083
0.7137 1.7479 980.7894
0.3239 0.1383 305.5576
0.2558 1.9891 842.3018
0.4679 0.7706 924.7214
0.8791 1.2012 537.8176
0.6047 0.8038 774.1953
0.5541 1.8107 611.4194
0.2708 1.0356 404.0535
0.4367 1.3437 510.5972
0.7430 0.5042 53.1553
0.1427 1.2009 112.3248
0.4860 0.5656 745.9805
0.6118 0.0133 203.9365
0.4802 1.0356 953.7731
0.8611 1.8970 501.1031
0.6548 1.9015 679.9589
0.7569 1.6791 837.4399
0.1678 1.1785 350.7082
0.5177 1.4533 656.5426
0.2901 1.4531 546.2702
0.0529 0.8035 24.7580
0.8909 0.5659 980.9892
0.2828 1.3436 387.2623
0.8937 0.1643 500.3539
0.8202 1.7482 462.6910
0.3768 0.5658 60.9377
0.0640 0.5659 926.9111
0.2289 0.2419 222.1774
0.7129 1.5705 34.0337
0.6700 1.4319 954.3363
0.1709 1.9890 14.9284
0.4320 1.1223 233.1709
0.5811 0.9053 540.2383
0.9002 1.2983 421.6692
0.1189 1.4319 437.2176
1.0000 0.0000 509.6129
0.3998 0.1381 256.7741
0.8271 0.1644 320.1382
0.3818 0.2868 487.2951
0.1571 0.1383 236.6610
0.4191 1.3681 541.6923
0.7027 0.8036 635.9964
0.0888 1.8974 640.3682
0.3831 1.7483 52.4244
0.0828 1.5437 971.3173
0.4641 1.3437 190.5335
0.7898 0.7252 739.4419
0.5432 0.1642 286.0031
0.2717 1.2984 168.8172
0.2701 1.5704 121.1098
0.2392 0.8034 749.7940
0.0622 0.0133 992.6141
0.8418 1.4529 751.1234
0.2219 0.3327 948.8932
0.3011 1.8973 863.9345
0.6462 0.4390 84.7412
0.5480 1.6791 44.9504
0.5652 0.3326 238.7979
0.1970 0.6178 224.3081
0.4611 1.1782 137.1827
0.2719 1.1223 93.3612
0.0801 1.0825 185.4023
0.9552 0.8035 144.9474
0.6828 0.4388 956.2292
0.7211 1.1783 380.2778
0.9699 0.5658 137.4772
0.2722 1.0828 819.3658
0.6161 1.7824 239.4240
0.2877 1.3677 11.6324
0.1751 0.5041 392.2836
0.3072 0.4581 627.0827
0.7288 1.7822 121.8913
0.5389 0.2419 300.1656
0.5347 1.2985 834.1315
0.3960 1.2011 494.1022
0.5537 0.6668 875.5845
0.1758 0.2416 611.7411
0.0951 0.9053 850.8202
0.3700 0.8939 450.9804
0.1218 0.6176 928.8734
0.5698 1.1223 616.1770
0.1782 0.4390 627.0779
0.5359 0.8035 289.7465
0.4630 0.1639 395.5021
0.4767 1.5704 333.7651
0.7769 1.5700 946.6296
0.4631 1.1220 322.2779
0.8929 1.0360 663.7887
0.3727 0.5041 31.7816
0.1467 0.1386 89.5682
0.3361 1.4317 178.0277
0.4212 1.9889 457.0928
0.3800 1.6790 616.8190
0.5869 1.0358 623.5052
0.8758 1.6358 342.7495
0.7438 1.2009 967.1673
0.5239 1.5437 712.6433
0.4171 0.6175 86.7707
0.3587 1.7483 718.8477
0.8577 1.3678 351.5124
0.5372 0.4387 357.4946
0.3440 0.1639 644.2835
0.6138 0.7708 984.6719
0.3841 0.7255 660.2109
0.2329 1.6356 243.2439
0.7949 0.2872 268.3641
0.4120 0.9756 903.7515
0.6730 1.5439 597.0507
0.1237 0.7256 946.4055
0.3410 1.7824 206.0409
0.8747 0.7255 325.0355
0.0617 1.6788 79.1486
0.6831 0.9756 735.3052
0.3779 0.3327 200.7310
0.4421 1.4529 980.1420
0.3010 1.9016 336.6126
0.4222 0.2870 555.7663
0.2690 0.3323 876.7678
0.8441 0.5042 204.9968
0.5028 0.9756 780.0673
0.7562 1.4533 114.3934
0.8152 0.8941 867.7355
0.8999 1.6790 103.8945
0.1181 1.8970 136.0065
0.2111 0.9054 288.9238
0.9391 1.5436 374.2409
0.1942 0.1641 454.1972
0.9382 1.2010 365.3774
0.2422 1.7821 562.5188
0.7837 1.4322 615.2968
0.7759 1.9020 184.5765
0.8451 1.9887 749.9876
0.6887 0.0603 805.8058
0.1558 1.5436 758.9797
0.7800 0.8034 937.9777
0.5200 0.0132 196.1620
0.9628 1.1220 749.0276
0.0531 1.4321 136.0815
0.3511 0.8037 297.8909
0.7799 1.3435 892.1917
0.3930 0.4580 665.4048
0.4522 1.5704 855.6446
0.4699 0.0134 375.5763
0.1977 0.4580 873.1066
0.6488 0.8940 916.9405
0.6362 1.0830 356.9931
0.5951 1.2011 335.6488
0.7477 1.7824 701.1974
0.9012 1.4534 138.9035
0.3460 0.3978 376.2784
0.1810 0.3977 629.9341
0.7739 1.2986 498.0308
0.4531 0.4388 719.7759
0.7057 1.4534 388.0788
0.6247 1.2988 667.4824
0.3880 1.0826 717.3513
0.4978 1.4319 42.2234
0.2761 0.9758 112.1536
0.4097 0.4390 33.8048
0.8549 0.0134 214.3919
0.1632 1.0356 886.2902
0.8578 0.5661 559.9004
0.0961 1.0355 103.1551
0.4398 0.3323 776.0592
0.5147 1.6788 803.6640
0.3127 1.4320 177.4286
0.2497 0.6178 301.0103
0.1052 1.2013 813.5672
0.6847 0.3327 353.0594
0.1812 0.2871 370.4575
0.5599 1.9889 432.3913
0.7352 0.2417 517.0866
0.0297 0.6176 781.3635
0.7297 1.0830 430.5939
0.6651 1.8107 919.9384
0.4671 1.5436 411.0401
0.2740 0.0599 133.1166
0.1450 1.3680 51.7194
0.7132 0.8936 637.7831
0.9511 1.5701 7.2501
0.5870 0.1381 341.4503
0.7239 0.0135 639.2265
0.0802 0.8936 968.7618
0.6938 0.7256 212.8603
0.7519 0.5657 524.5105
0.7238 0.3973 60.9663
0.8361 1.8108 83.6364
0.5517 0.2870 533.4627
0.0758 1.9891 207.2520
0.4127 0.3976 702.3448
0.6782 0.1641 751.1093
0.9542 1.3681 581.1831
0.3469 0.2415 46.2729
0.1992 1.1223 565.5571
0.8872 1.4321 351.1887
0.3250 0.8940 862.1564
0.4591 0.5045 252.0923
0.7400 0.7707 463.9467
0.2121 0.0603 779.6149
0.5022 1.1224 896.7695
0.7878 1.0828 12.1295
0.3918 0.7708 166.5261
0.5231 1.9890 68.2389
0.6657 0.4581 774.8406
0.4479 1.9019 592.6655
0.4682 1.2010 162.5928
0.2597 1.6789 653.3824
0.7018 1.2986 319.0187
0.1778 1.2986 593.5660
0.0320 1.1220 608.4240
0.2640 1.6356 523.1116
0.9667 0.1639 400.7669
0.6178 0.5659 115.6253
0.8948 1.5438 240.8678
0.9627 0.3327 321.8436
0.6337 1.5705 900.4160
0.2528 0.6665 420.9167
0.7849 1.9887 404.3952
0.0628 0.7706 598.5565
0.7950 0.6664 192.0843
0.4198 1.8972 489.1225
0.5752 0.5044 57.6968
0.9419 1.2984 134.4524
0.6031 0.1639 774.8645
0.5721 0.8938 680.3826
0.2779 1.2011 668.5559
0.7350 1.6788 610.5860
0.3048 0.0133 786.3186
0.1988 0.5658 22.5627
0.3079 0.2419 998.3757
0.3399 0.9052 488.5557
0.7198 1.6357 194.8016
0.7472 1.9020 905.5964
0.1332 1.5701 660.8738
0.6538 0.2418 18.5757
0.8218 0.2417 714.8706
0.2557 0.5041 687.1991
0.3647 1.8109 887.2886
0.6351 0.3973 823.4339
0.1108 1.4530 799.2217
0.4717 0.9757 522.0618
0.2498 0.4386 929.7021
0.8440 1.3433 756.2197
0.6399 0.6177 791.3551
0.2221 0.9756 808.7442
0.0977 1.7824 723.2199
0.7697 0.4385 571.8924
0.4137 1.2984 882.4892
0.4941 0.7256 385.9864
0.1740 0.8037 280.3027
0.4451 0.8034 563.8478
0.6880 1.1221 513.0723
0.8542 0.2414 355.5388
0.5860 1.2986 285.1825
0.5328 0.5045 841.1278
0.4100 1.6355 71.6135
0.4260 1.8111 76.0074
0.9338 1.8972 328.4492
0.9072 1.9020 180.4604
0.0968 0.6667 249.0010
0.5982 1.9019 523.5128
0.6668 1.2014 384.1147
0.0991 1.8111 702.5675
0.1049 1.0829 481.8506
0.6248 0.2871 186.5204
0.9417 0.9052 216.0539
0.0312 0.1640 836.2113
0.6240 1.8969 481.6091
0.5938 1.3678 528.4282
0.0977 0.1639 400.3591
0.7120 0.6180 669.5472
0.8269 1.0829 561.2384
0.9021 0.8034 871.7045
0.1071 1.9887 436.3827
0.8490 0.2868 833.2463
0.2457 1.9019 60.8670
0.2960 0.7253 410.8748
0.7901 0.6175 559.0983
0.5122 1.7482 415.2258
0.1252 1.6359 822.8841
0.0321 0.4388 230.7168
0.2641 1.8110 329.4927
276 122
362 48
132 248
304 247
254 117
377 149
172 264
339 413
324 198
326 171
42 77
13 479
257 335
325 296
254 430
103 411
447 23
185 224
457 404
268 8
22 170
341 174
338 459
441 461
83 232
481 96
354 361
10 322
143 216
29 92
81 360
478 65
12 233
156 105
161 58
302 74
337 46
290 53
89 497
38 83
402 265
239 401
203 496
66 419
118 204
256 471
13 136
455 289
222 301
113 258
262 497
56 440
309 372
43 402
446 113
97 257
179 88
97 246
448 257
254 127
82 388
316 170
389 354
391 447
169 470
290 174
298 244
10 239
232 285
411 448
137 353
90 65
301 224
468 420
271 326
157 242
410 80
107 223
96 347
431 489
432 367
60 12
204 331
124 433
379 35
478 191
481 61
21 79
145 116
317 184
206 172
304 326
11 254
430 211
350 212
221 173
332 369
192 453
425 311
110 188
496 478
79 48
78 445
186 399
226 376
114 475
283 223
109 183
227 370
346 223
9 309
77 308
435 402
345 42
64 173
108 87
358 252
311 92
76 180
159 283
225 439
445 188
458 47
401 106
470 1
299 374
52 423
19 280
274 144
150 226
312 285
386 26
147 94
130 26
358 72
236 182
296 463
38 338
202 165
12 127
478 435
55 388
302 308
122 368
396 287
468 166
324 218
161 341
80 367
296 106
427 196
77 74
492 249
170 108
140 258
372 326
67 401
237 121
74 345
418 299
313 176
50 309
459 325
317 464
245 133
490 18
127 225
217 433
261 342
500 96
360 303
36 153
48 175
454 27
76 404
371 94
107 283
175 144
208 171
262 112
307 73
246 448
194 349
301 469
145 494
265 329
248 51
317 383
437 10
270 79
482 299
210 337
137 443
294 65
480 370
116 334
314 370
25 447
493 324
48 23
409 139
308 135
466 196
59 406
68 330
254 281
273 100
38 232
483 218
318 132
148 196
434 57
79 481
388 295
464 68
150 280
308 488
147 319
32 254
216 484
124 471
456 273
207 306
482 150
350 451
418 305
284 254
18 306
313 398
156 375
151 491
268 17
322 420
152 209
140 7
388 97
228 422
169 3
233 234
53 219
172 223
42 308
156 287
303 188
351 44
377 94
155 262
296 340
462 478
340 204
321 353
235 497
33 101
418 236
271 367
61 100
489 63
160 46
370 172
195 272
135 302
67 222
331 312
269 468
192 152
109 254
313 434
308 192
280 115
79 308
296 79
356 458
122 382
466 24
14 389
310 126
387 335
251 204
50 2
101 213
295 266
479 52
226 463
240 6
386 88
418 278
497 445
326 57
79 485
32 66
121 309
291 409
27 324
477 194
351 93
407 64
28 368
179 418
322 467
488 485
144 197
409 152
67 357
408 28
108 478
144 371
99 142
86 178
41 336
248 318
15 207
92 330
471 54
300 144
247 57
329 254
150 38
395 258
223 252
27 390
11 318
226 35
478 22
201 311
391 298
119 134
131 170
351 255
48 245
296 414
239 166
111 273
416 402
378 109
472 293
126 446
238 81
330 79
27 124
215 103
270 492
8 458
465 359
405 12
79 386
252 172
475 112
2 237
62 216
416 265
322 478
181 214
159 365
220 256
186 351
168 196
256 27
381 35
403 203
236 179
71 99
187 6
74 485
461 105
379 226
179 386
163 478
476 477
155 114
283 480
216 15
85 283
281 340
184 311
295 246
22 316
299 285
478 385
185 141
144 79
254 355
297 185
133 23
394 34
458 119
196 50
88 278
51 318
222 353
260 185
442 448
78 275
39 373
34 119
254 129
28 465
6 210
373 241
288 98
473 73
292 472
416 151
33 213
393 99
178 244
60 423
313 304
126 113
470 32
276 257
254 128
137 296
109 200
74 320
496 489
382 388
19 279
272 94
114 497
296 443
33 249
252 49
371 377
495 322
72 156
276 382
351 220
15 18
470 107
101 173
213 417
45 74
131 431
235 161
213 21
34 134
75 488
46 187
413 318
118 312
398 171
384 2
340 484
254 62
21 33
450 188
197 300
413 80
211 109
406 483
259 358
472 168
455 307
95 126
359 73
98 5
308 258
176 304
460 94
465 94
396 156
144 48
325 150
199 429
254 174
426 365
225 393
329 416
293 278
191 321
189 397
413 367
98 289
120 99
407 270
467 478
338 449
82 74
300 460
356 238
291 215
165 28
342 64
73 228
20 158
79 391
79 280
66 355
31 1
81 303
79 182
412 182
43 294
83 285
265 438
323 498
153 125
457 153
315 81
64 249
461 358
183 157
303 58
163 437
205 225
325 226
149 69
11 461
423 389
297 260
222 469
206 264
424 283
379 280
393 120
374 20
493 217
332 55
71 120
73 282
413 348
48 16
95 446
152 291
222 467
419 169
175 282
373 159
112 155
475 155
295 135
479 234
91 263
386 236
190 21
120 405
127 120
403 288
161 89
277 298
296 363
12 476
254 180
128 281
37 96
254 211
237 384
96 100
118 331
89 286
287 72
477 350
202 359
382 97
474 199
177 125
58 313
177 122
19 236
372 9
398 254
262 445
84 40
156 51
182 428
188 154
160 228
338 232
50 264
391 245
195 162
413 271
344 432
185 414
421 84
241 50
386 278
188 268
200 350
172 49
403 210
160 337
104 143
106 141
431 63
250 280
32 169
196 130
317 78
91 458
92 68
377 144
60 145
308 139
393 127
86 25
171 271
495 163
330 193
268 34
343 340
151 353
60 52
321 222
170 385
470 31
251 340
498 29
263 458
298 478
454 256
244 48
153 28
271 208
157 211
197 499
428 280
110 81
183 167
424 159
335 177
486 71
239 79
352 268
102 6
244 16
41 79
363 281
289 48
278 229
94 28
408 177
328 347
419 490
136 378
396 206
291 218
48 63
257 246
162 41
62 306
401 296
196 79
54 254
93 400
60 405
404 153
417 446
183 136
444 292
74 42
200 254
386 229
331 104
357 222
77 320
487 105
356 253
449 204
44 220
365 283
176 171
424 293
89 53
180 217
246 442
362 175
463 138
378 200
101 221
451 476
94 274
208 432
151 321
74 41
471 454
444 472
188 235
421 361
422 165
319 371
484 164
235 445
103 409
200 13
95 310
419 3
93 389
343 296
411 139
269 401
38 325
283 470
316 108
144 69
242 430
13 14
47 268
254 441
326 176
253 50
366 174
192 258
196 267
416 321
357 70
334 421
56 403
495 10
212 254
168 241
457 198
65 129
354 44
487 156
137 151
194 476
262 347
101 417
161 450
454 124
319 144
296 138
254 484
478 489
233 476
472 241
118 232
399 256
50 156
482 305
81 57
11 441
193 498
16 230
231 354
19 182
411 59
149 94
473 440
341 53
236 305
139 442
170 4
498 79
15 158
14 479
190 249
315 268
137 260
82 55
461 252
92 193
470 85
146 200
239 437
487 259
123 81
251 104
14 93
351 231
214 267
429 383
142 64
165 153
443 363
85 424
242 256
295 302
127 205
48 431
317 275
232 312
282 359
391 86
343 449
79 464
383 184
4 131
417 395
325 343
381 280
469 67
107 346
115 428
390 256
430 54
381 379
336 272
369 94
194 350
141 224
240 284
352 8
16 298
420 166
302 45
466 181
222 224
220 255
475 273
335 276
270 21
426 227
199 452
137 297
89 290
403 455
336 94
499 79
462 431
319 94
323 311
99 225
48 5
469 401
43 65
423 145
308 485
269 222
339 372
499 144
308 345
281 397
278 85
308 45
79 428
63 5
373 472
170 48
324 387
427 148
154 17
73 415
231 93
434 58
44 140
392 169
266 442
340 164
202 28
13 146
29 425
201 92
429 275
6 337
70 222
142 310
375 9
363 397
6 284
490 15
11 105
218 215
117 102
301 141
123 58
181 444
436 146
242 186
325 376
477 254
74 488
261 79
356 50
401 79
52 389
352 91
432 398
352 17
73 289
258 220
76 198
121 372
333 253
273 500
87 385
346 441
216 207
61 342
281 491
317 311
210 380
464 481
365 480
305 280
143 251
281 30
424 278
243 290
112 328
76 153
366 290
296 397
269 70
356 79
64 61
400 136
50 79
54 124
220 192
263 199
20 299
275 383
28 359
451 436
174 243
154 78
50 9
142 111
391 133
141 296
56 228
223 370
266 308
216 158
317 37
328 456
491 416
317 262
49 72
46 153
41 332
254 18
218 209
473 403
398 176
129 438
267 386
132 348
390 453
156 248
210 203
411 257
166 10
233 60
352 458
243 341
411 406
422 153
125 387
134 238
339 248
286 497
339 326
147 274
307 415
497 155
242 399
79 245
204 104
318 410
223 314
186 157
475 286
1 158
421 142
478 90
30 484
104 216
142 273
29 193
152 453
426 370
142 71
351 167
411 335
190 492
94 197
78 474
168 50
82 295
78 262
187 153
278 299
421 116
427 386
160 422
124 493
37 262
324 217
387 177
16 385
249 221
474 452
433 493
412 115
387 59
390 324
94 69
142 84
462 489
385 277
494 334
442 411
418 88
313 247
11 51
79 263
52 233
213 308
467 191
182 115
355 490
401 70
134 356
284 65
5 403
312 374
163 327
456 500
180 36
343 459
354 421
429 184
342 481
247 434
3 32
440 403
455 288
254 433
456 475
150 83
396 264
64 79
107 32
349 476
266 135
55 41
472 196
341 219
464 201
170 431
395 446
255 399
35 79
130 427
145 84
153 408
310 421
335 59
482 280
416 128
297 296
225 475
170 230
94 499
152 308
455 73
217 198
290 475
344 254
452 154
20 1
411 409
403 307
229 214
308 21
18 355
386 130
441 252
203 63
187 102
203 90
394 134
221 64
95 173
125 408
367 208
387 198
204 338
181 24
90 240
453 209
254 341
318 348
270 190
408 368
218 387
349 451
226 138
327 478
421 494
294 438
126 7
31 169
314 480
457 125
483 411
344 367
451 234
101 446
68 79
394 268
54 242
315 394
296 35
423 116
123 303
151 443
280 279
203 478
340 189
158 331
358 49
219 290
25 391
64 100
317 201
113 7
310 361
58 450
401 468
218 453
313 254
406 387
254 65
169 364
495 478
79 381
356 119
145 40
262 328
360 110
370 365
478 4
47 119
158 364
39 227
254 124
451 233
30 340
222 260
373 424
81 237
192 256
106 469
274 282
210 228
79 478
2 333
93 183
362 282
92 425
308 75
493 27
26 196
191 402
339 375
131 462
218 390
83 482
79 74
470 299
492 64
117 6
458 79
478 277
122 369
405 71
144 149
35 138
339 156
91 452
386 182
2 253
483 103
409 308
376 463
23 391
404 198
399 351
380 203
447 48
39 241
74 55
122 332
474 275
143 340
403 228
389 116
79 162
362 289
242 211
75 345
81 434
333 238
442 308
6 380
222 420
158 312
459 449
114 286
308 320
48 230
173 446
157 351
350 349
353 260
240 203
495 437
341 313
419 392
500 328
296 189
437 79
266 246
422 46
412 280
486 405
143 164
216 164
413 410
48 133
31 158
211 183
102 36
281 189
346 32
414 141
228 359
43 435
409 215
414 297
435 65
361 126
50 375
188 360
25 48
196 214
309 237
439 99
118 338
407 492
161 188
6 254
355 32
40 486
486 142
479 233
264 227
278 181
434 123
182 279
129 265
373 293
395 308
389 421
94 79
111 439
94 332
97 276
416 281
280 226
69 460
478 316
466 214
228 202
36 254
386 148
412 279
154 445
190 33
207 18
98 48
327 79
214 386
305 250
476 254
474 429
437 327
199 323
339 271
212 477
282 465
329 129
177 276
146 234
470 278
439 142
125 198
40 405
14 400
366 205
350 436
420 10
188 17
474 154
461 487
405 145
344 398
208 398
144 282
284 90
86 48
97 295
111 225
30 254
100 500
378 183
11 410
436 234
256 54
436 200
259 461
268 81
308 417
252 346
39 426
326 247
309 384
87 170
478 131
254 346
126 44
178 391
290 286
64 310
183 400
174 205
199 79
180 153
58 341
479 389
332 388
392 364
84 494
1 299
235 89
95 64
31 364
89 341
306 254
486 84
367 254
372 57
473 415
478 87
240 380
347 500
62 484
51 105
347 37
47 34
66 3
165 228
475 111
81 333
387 483
206 49
75 74
26 79
17 452
237 333
323 429
490 66
336 332
39 50
196 24
440 73
254 12
250 19
292 24
180 198
22 4
369 28
177 368
136 14
121 57
301 106
382 332
356 333
426 373
287 49
181 229
72 259
416 191
396 50
491 443
490 158
41 272
264 370
354 351
110 268
407 79
98 403
80 254
464 37
148 267
401 357
374 285
243 219
209 291
45 320
254 410
293 444
212 200
315 238
113 395
8 47
