500 1400 6 102 364
897.3721 94.6122
0.7260 0.9300 730.1616
0.5252 1.8171 681.8710
0.1149 0.3607 975.5548
0.2752 0.8650 855.8131
0.3941 0.0396 66.9099
0.7287 0.0393 814.5793
0.2760 1.3674 982.0512
0.4820 1.8859 60.9884
0.3339 1.8858 806.5342
0.6430 1.4337 976.2111
0.5270 0.7413 597.1465
0.4857 1.7548 865.6061
0.0329 1.9568 669.6531
0.2100 1.3676 947.2398
0.6611 0.3607 294.0377
0.7820 0.2723 662.8706
0.8820 0.1106 114.1563
0.1597 0.6995 71.0260
0.7411 1.4841 186.7379
0.2848 1.2822 415.2819
0.2640 0.8648 259.2015
0.8879 0.1617 690.3264
0.4310 1.3504 675.5701
0.0591 1.9750 460.8694
0.7350 1.3676 784.3609
0.4608 0.1612 170.5639
0.4388 1.4836 850.9545
0.2210 0.3330 320.6281
0.5561 1.4839 573.1489
0.1561 0.4341 727.5570
0.7619 1.7059 720.5349
0.4858 1.4336 437.6844
0.1328 0.9956 667.0728
0.9222 1.9746 219.5188
0.9310 0.9096 332.6935
0.4109 1.0608 644.0841
0.4419 1.1103 975.1212
0.2980 0.3084 860.4902
0.5949 1.1830 149.5320
0.5780 1.5637 942.7724
0.5089 1.3673 589.1988
0.4641 0.2725 253.5885
0.6050 0.5536 613.2574
0.2862 1.7543 196.4011
0.0877 0.0398 404.4601
0.0588 0.9095 563.3374
0.8038 0.0396 811.1379
0.3532 0.3607 707.5277
0.8991 0.8646 275.4219
0.1770 0.9959 350.3789
0.8299 0.8649 823.8498
0.8708 1.0605 431.6192
0.1151 0.0397 203.5459
0.4481 0.1344 921.8004
0.8811 1.4790 381.4076
0.5958 1.8856 935.3150
0.6072 1.1513 733.2882
0.1450 1.3506 191.6197
0.4052 0.8647 32.0174
0.4341 0.8646 228.9372
0.0462 1.7982 615.7339
0.6052 1.8487 842.9684
0.9039 0.9957 880.1460
0.3858 0.7417 519.8470
0.5629 0.4920 161.2384
0.6138 1.4336 374.9254
0.7418 0.9959 548.4182
0.1208 0.4731 858.0060
0.1652 1.0608 922.6091
0.7477 1.1509 393.9147
0.0411 0.3605 183.4740
0.5331 1.5391 182.3899
0.7282 0.3609 961.9868
0.8641 0.4338 325.1269
0.3341 1.0609 493.8839
0.9071 1.8857 826.4909
0.5618 1.2202 449.7459
0.0839 1.1105 316.5147
0.3020 1.6010 194.4287
0.7277 1.5395 478.5669
0.5680 0.7808 249.9336
0.4821 1.7057 847.4134
0.1082 1.4837 457.6995
0.0771 1.1825 684.4731
0.2758 1.0076 185.8271
0.5001 0.6994 374.9583
0.1107 1.7055 8.0025
0.8442 0.5539 412.2864
0.3137 1.4787 726.1339
0.5251 1.4840 244.6530
0.6217 1.7982 628.2321
0.5629 1.8854 772.9105
0.0568 1.4838 953.0262
0.8567 0.2271 492.6495
0.8180 0.4727 400.6923
0.3911 0.3605 255.3245
0.7828 0.5650 685.0810
0.2570 1.9746 839.6522
0.4232 1.1508 150.6681
0.2487 0.4730 742.0231
0.2187 1.5392 121.8994
1.0000 0.0000 180.3124
0.5929 1.7544 843.8672
0.5811 0.3604 641.2391
0.9702 0.6756 679.0431
0.2000 1.5637 189.7720
0.8032 0.3330 522.4612
0.2459 1.8175 321.0514
0.5489 1.1102 140.5485
0.5160 0.2269 945.7367
0.2822 0.9299 315.7967
0.2232 0.3604 983.1737
0.9502 0.6996 498.3156
0.5178 0.8155 904.7520
0.2429 0.7807 323.8120
0.2841 1.9569 752.7174
0.6387 1.2658 614.4418
0.3808 1.2660 391.9002
0.2210 1.3504 672.1574
0.9030 0.0394 992.7468
0.3887 0.9296 867.9566
0.4372 0.6757 618.1831
0.4630 1.5392 365.2248
0.6200 0.8154 731.1849
0.2872 1.1512 138.3125
0.2759 0.5650 210.1925
0.1980 1.4335 632.2172
0.8752 0.9296 748.7913
0.3122 0.8153 87.9772
0.6010 0.6157 355.7856
0.3268 0.3330 994.3156
0.8851 1.6601 714.6774
0.1440 0.6758 785.7259
0.5119 0.0462 932.1721
0.3882 1.8170 385.0670
0.9048 0.6998 755.9508
0.1400 0.8649 30.2221
0.2681 0.4339 911.7992
0.5708 1.4787 363.1293
0.7007 0.6997 306.3543
0.8098 1.7060 919.7547
0.7122 1.6009 847.4280
0.4790 1.2663 401.6131
0.2950 1.7982 82.9144
0.6810 0.6996 156.6737
0.9301 1.5393 87.3750
0.6489 0.0463 376.6605
0.9477 1.7058 514.9628
0.1427 0.8156 435.3549
0.0517 1.7545 820.2914
0.2930 0.3606 607.4029
0.3701 1.3507 244.0562
0.6101 0.1612 150.3786
0.2520 0.4920 515.1321
0.0800 0.4342 489.9019
0.0529 0.9959 900.6994
0.7977 1.5392 174.8855
0.5197 0.0396 274.8495
0.3097 1.7059 171.3315
0.1831 1.6598 37.4157
0.2797 1.1826 714.5127
0.7047 1.7544 607.6004
0.0701 0.5649 590.2995
0.4739 1.0606 520.5450
0.3021 1.8858 817.9727
0.4592 1.3671 96.9525
0.6899 1.1827 649.7664
0.3902 1.5633 155.2877
0.7682 1.6598 254.8788
0.6729 0.8648 703.1622
0.8188 1.8488 884.1165
0.1679 1.1829 872.6743
0.1412 0.9091 530.3318
0.7697 0.6157 349.6454
0.1899 0.8155 855.2377
0.4630 0.4341 110.6880
0.0677 1.2820 504.8627
0.7392 1.8857 798.8031
0.2867 1.8488 895.2003
0.5880 1.9746 242.8162
0.3178 0.6156 964.7198
0.1331 1.7543 676.8178
0.2990 1.8489 475.0700
0.5222 1.7059 764.9344
0.5962 1.0608 581.4404
0.6988 1.9751 638.3626
0.3461 0.9093 543.6717
0.7427 1.9751 173.2751
0.5671 0.2722 98.6505
0.8207 0.6994 504.3631
0.9357 1.1829 212.5198
0.0562 1.6013 367.7449
0.8941 0.3083 606.9561
0.2120 1.7982 510.4234
0.7559 0.6760 649.4062
0.4241 1.9746 435.6674
0.7169 0.5649 420.1371
0.8620 0.7412 88.7370
0.2702 1.4335 363.2651
0.0659 0.1613 428.5457
0.6171 0.3084 226.9618
0.9518 0.5536 846.4536
0.9520 0.4919 957.3336
0.4112 0.4921 761.4952
0.8140 1.7548 985.6519
0.5822 1.1829 166.2702
0.2882 1.6598 231.3064
0.4099 0.1109 65.0306
0.1589 0.9297 975.8610
0.6290 1.4837 618.0721
0.6082 0.8646 834.1032
0.6871 1.9568 795.6430
0.1738 0.3082 851.4719
0.7518 1.2819 574.1365
0.2609 0.2270 270.1439
0.9481 1.8173 323.4692
0.2397 1.6599 271.3289
0.2187 0.1615 230.4523
0.0522 0.7416 809.2767
0.1519 1.6598 136.9239
0.3821 1.7543 638.0635
0.0630 1.2203 970.0765
0.8870 0.9297 600.5723
0.9661 1.3507 711.0225
0.4009 1.6599 280.4598
0.7891 0.9093 114.8578
0.6962 0.5540 318.0950
0.0718 1.4338 509.8542
0.3468 0.5537 723.0127
0.7810 0.6996 968.9967
0.4752 1.9570 354.6951
0.5368 0.4342 311.7540
0.6207 0.6994 50.1705
0.9462 1.5638 411.2144
0.8688 1.7977 936.2258
0.3289 1.8170 607.3986
0.3718 0.5650 144.4305
0.7009 0.3080 207.7362
0.4408 0.8155 569.5717
0.6317 1.6602 233.4602
0.3351 0.5536 146.9432
0.5702 0.1612 846.7999
0.6622 0.1104 430.9155
0.6327 1.7056 310.9048
0.7987 0.3080 697.4994
0.8859 1.7545 54.9227
0.4499 1.6602 886.3488
0.8339 1.9751 507.9346
0.5732 1.6013 481.6226
0.7537 0.3609 946.6868
0.5487 0.0396 702.3362
0.4559 1.8487 697.6155
0.2578 0.3084 214.8928
0.5332 1.7981 752.5436
0.1988 0.1109 641.7390
0.5739 0.5649 521.7618
0.3071 1.7546 815.1380
0.6912 0.6760 360.2141
0.5168 1.9748 693.4668
0.2380 0.2270 862.2598
0.7728 1.7546 857.7321
0.7899 1.0080 730.8852
0.7282 0.4343 132.7083
0.1527 1.8172 419.1901
0.0797 1.0078 954.4200
0.4192 0.4339 864.9327
0.8739 1.5394 559.8374
0.7910 1.3504 452.1711
0.7432 1.8171 749.6615
0.1462 1.2658 912.5820
0.6612 1.1106 52.1881
0.9510 1.0078 934.5410
0.6789 1.5633 977.4437
0.8392 1.1827 859.5524
0.5640 1.7979 827.3570
0.5091 1.1513 61.7991
0.3342 1.7056 78.9251
0.7362 1.0081 1.5612
0.1920 1.0607 730.2746
0.8410 1.2661 937.1954
0.2481 0.6756 191.3344
0.3027 0.0460 999.9866
0.5280 0.6756 626.1825
0.0301 1.0608 385.9649
0.6199 0.2267 333.5223
0.1790 1.4841 360.8000
0.8680 1.6014 96.8144
0.8997 0.6156 901.6204
0.4601 0.9959 357.4123
0.7640 0.9958 23.8338
0.6020 1.8171 791.5568
0.8011 1.8170 67.6763
0.7658 0.1614 250.6789
0.4251 1.2821 940.6922
0.7520 0.8151 837.4738
0.9060 0.0463 663.0225
0.5721 0.6757 322.4591
0.3120 0.6994 645.4369
0.6737 0.0398 82.7521
0.6970 1.6600 309.5561
0.2191 1.2824 311.0079
0.3728 0.6994 304.9477
0.8318 1.4837 936.1556
0.5118 0.5540 916.3301
0.9148 1.2819 4.1040
0.1608 1.1106 621.7076
0.5940 0.4727 174.2476
0.6477 1.2819 160.3578
0.8817 1.1101 817.1487
0.9107 0.1615 359.7630
0.5781 0.9297 721.6654
0.9630 1.2204 960.2190
0.9260 1.1512 46.6946
0.8711 1.1102 189.0059
0.2152 0.6755 830.8718
0.8358 0.1105 312.9571
0.2099 0.0464 579.1840
0.1730 0.6996 529.4184
0.5451 1.2663 362.0091
0.2687 0.0396 333.3868
0.3352 1.3671 496.7115
0.3017 1.2202 597.4585
0.6590 1.0605 248.2609
0.6690 0.7413 354.3974
0.9431 0.3330 72.2078
0.8652 0.9957 749.6097
0.2678 0.8153 734.1499
0.8118 1.3674 451.7593
0.8087 0.8156 891.6228
0.0950 0.9301 491.8432
0.2098 1.8859 472.2867
0.3237 1.1101 992.0827
0.9158 1.2660 434.0347
0.0527 1.8486 68.4463
0.3102 0.2724 64.2894
0.6162 1.0081 661.0308
0.3119 1.8174 604.2755
0.1037 0.0462 275.7708
0.9501 0.2271 943.0545
0.0377 0.3079 214.6936
0.9700 0.2723 585.8459
0.2028 1.6009 567.4740
0.5607 1.3673 41.7745
0.2849 1.4841 289.1791
0.6801 1.5393 647.0013
0.6761 0.4339 607.0931
0.9171 0.3606 807.3442
0.3430 1.0076 452.4927
0.3537 1.7977 655.5671
0.5270 0.6997 93.1327
0.3730 0.7414 624.6919
0.0819 0.8154 986.7221
0.5870 1.2822 673.2154
0.2922 0.1614 330.3310
0.8568 0.8153 346.2700
0.1601 1.2659 247.4773
0.8300 1.1512 639.0367
0.6608 0.6755 523.6314
0.6211 0.4921 263.4721
0.3628 1.5396 773.6130
0.8417 1.6600 202.6708
0.1048 0.2268 686.9168
0.5679 0.4730 187.6114
0.0000 0.0000 169.1060
0.4751 0.6157 652.6664
0.4648 0.5652 8.1641
0.1338 0.5650 571.7199
0.4380 0.3080 907.5374
0.2590 1.5392 781.3151
0.0457 1.3506 743.0152
0.6190 1.3676 231.9959
0.4472 1.7978 840.7826
0.4082 0.6996 233.6008
0.1589 1.5636 757.3724
0.1299 1.7055 211.5048
0.7999 0.8651 195.6973
0.1042 0.1615 56.8296
0.1799 0.4343 510.1257
0.7449 1.0605 321.8575
0.2959 0.6995 706.4114
0.3559 1.1510 722.2948
0.5202 1.6602 701.9984
0.5568 0.3080 479.3609
0.0567 0.6997 526.1114
0.0879 1.8858 236.7134
0.7367 0.4920 528.5148
0.8137 0.3080 272.2053
0.8541 0.6995 32.1320
0.4042 0.1343 942.7090
0.6322 1.3507 569.6670
0.1541 1.0078 460.3025
0.1927 1.1511 274.8816
0.7452 0.0461 581.8129
0.7049 1.7979 297.8687
0.0849 1.3674 478.5099
0.9480 1.6598 607.8823
0.9438 0.8156 176.6227
0.3360 1.9750 508.8936
0.8299 1.3672 787.5506
0.7990 1.7981 476.0224
0.5451 0.9955 9.1495
0.5118 1.0605 163.0514
0.3249 0.9300 564.7494
0.8292 0.3605 637.7106
0.4300 1.1826 224.2924
0.1032 0.2724 511.8487
0.3261 0.6755 719.0732
0.9168 1.3673 120.8413
0.6821 1.8175 517.3473
0.6337 0.9300 672.9870
0.0740 0.8648 180.7721
0.2587 0.9958 752.8846
0.8367 1.4337 267.0293
0.5917 1.5391 357.4015
0.2820 0.9091 392.3138
0.4878 0.0464 562.2744
0.0789 0.6758 846.6937
0.2789 0.2725 403.1839
0.1392 0.1347 644.1629
0.6998 0.1347 537.4014
0.7021 0.1613 940.4500
0.5292 0.3331 83.3125
0.4902 0.9297 495.3889
0.4691 1.0077 861.6261
0.3551 0.4340 507.0115
0.6099 0.6993 353.7454
0.9431 0.7808 253.8215
0.5107 0.9959 668.4251
0.0598 1.8172 736.9439
0.1632 0.7412 228.1414
0.3692 0.2269 336.5031
0.1657 0.6156 203.2203
0.2200 1.1102 676.3752
0.4548 1.6013 803.0578
0.5827 0.4342 616.5035
0.0939 1.8172 384.2104
0.8151 0.7412 175.1568
0.7807 1.4840 596.6836
0.2077 1.9566 471.8311
0.2347 0.6998 687.6330
0.9237 1.4338 114.6469
0.5318 0.9093 593.6486
0.5622 1.0080 935.1648
0.3270 0.9956 726.1535
0.1261 0.1108 653.9763
0.9039 0.4339 813.2102
0.1270 1.3675 656.0109
0.5637 0.8648 4.8365
0.1237 0.4921 243.7340
0.3017 0.7805 607.0350
0.3140 1.3506 264.3921
0.8262 0.4338 539.4723
0.1642 1.9751 651.1131
0.8560 1.3502 268.7206
0.9521 1.8490 904.6254
0.9342 1.4840 238.6398
0.5211 1.9565 465.8005
0.5861 1.6600 264.0307
0.9312 0.5652 167.0634
0.5641 1.3505 847.7502
0.8937 0.1346 918.4471
0.3009 0.0398 110.0037
0.6558 1.3504 360.9151
0.3707 0.3081 34.4997
0.7451 0.9092 506.6578
0.1088 1.1512 238.2274
0.8608 1.8856 80.3934
0.8831 1.8175 884.0647
0.3918 0.3331 113.0486
0.9251 1.9570 157.0383
0.0560 0.5538 507.8059
0.6388 0.3327 9.2885
0.0780 0.6995 780.8092
0.1337 1.7980 188.0255
0.1579 1.5394 762.1635
0.4550 0.6994 505.6937
0.3549 0.1614 152.3253
0.6851 0.2270 758.3624
0.3242 1.4839 963.0963
0.1197 0.3328 74.9846
0.9198 1.7981 905.4589
0.3321 1.1827 882.1462
0.5880 0.9094 36.9088
0.5061 0.3607 567.6242
0.0307 1.5394 219.9585
0.0641 1.6600 254.1295
0.4857 0.1613 648.5595
0.6417 0.9959 499.7774
0.8569 0.6759 255.3831
0.9681 1.0605 970.6728
0.8097 1.9570 385.6165
0.3557 0.1104 892.6663
0.1651 0.5541 311.7805
0.2149 1.4788 965.4859
0.5661 0.1104 617.6170
0.6627 1.8170 704.6485
0.7011 1.1105 764.5651
0.4908 1.8172 727.2397
0.4107 0.8154 655.0655
0.6698 0.8151 116.8976
361 82
494 413
61 474
418 406
114 124
369 101
232 435
86 219
402 185
113 136
110 285
199 371
294 353
314 323
393 251
45 338
466 364
207 434
62 467
348 323
436 334
370 395
427 102
85 391
43 97
133 373
294 268
153 421
403 121
345 106
313 39
97 181
148 361
390 460
339 293
415 173
316 147
382 87
348 424
58 370
152 451
228 494
396 287
131 213
491 470
23 371
20 294
406 383
466 78
358 258
234 273
130 174
246 148
75 36
408 10
222 319
213 253
349 150
170 376
139 55
206 222
59 500
441 55
434 225
129 115
299 251
198 102
134 495
437 136
477 354
28 340
445 255
371 343
290 326
432 358
197 471
116 165
222 270
202 459
408 32
446 95
212 188
70 57
288 459
111 401
165 179
24 364
469 38
240 458
210 80
52 278
434 382
180 259
411 137
440 219
30 71
351 64
249 434
102 148
40 192
184 150
308 454
44 372
87 458
54 389
419 389
465 410
456 267
212 259
137 415
358 388
460 177
264 61
34 470
325 193
347 446
315 281
428 209
359 65
334 165
341 102
10 66
25 371
222 167
344 479
127 199
485 475
282 416
32 199
32 66
102 490
138 378
395 364
4 21
328 399
342 486
102 305
22 310
329 295
94 421
365 258
474 135
228 321
138 68
397 49
125 381
329 376
411 124
168 192
174 288
333 214
209 173
472 347
494 27
121 442
158 393
338 317
170 211
334 264
115 351
394 103
122 145
140 283
222 356
12 394
94 189
420 54
165 331
307 74
71 378
23 177
51 355
357 161
189 387
208 54
283 432
16 387
195 489
484 346
198 113
437 190
150 194
251 188
433 402
471 367
103 400
102 481
353 280
468 216
153 431
102 287
104 346
301 117
494 479
40 142
374 485
60 59
231 116
151 112
197 181
102 35
432 281
405 206
34 120
62 56
106 267
441 102
430 115
219 373
362 477
398 5
465 170
129 499
241 229
220 434
62 92
413 10
328 199
260 153
435 48
480 28
123 479
376 51
398 196
396 148
221 254
494 89
105 174
146 456
28 96
416 445
63 128
426 324
478 189
176 68
13 385
4 500
50 412
327 129
163 181
264 108
102 113
314 379
495 243
111 209
102 470
103 481
144 135
229 97
473 18
305 333
211 465
176 232
177 152
444 424
441 139
433 332
423 121
48 96
499 239
462 398
442 187
394 496
451 41
233 324
373 302
98 53
419 200
336 289
60 500
479 360
155 364
350 86
447 228
369 374
177 270
269 292
407 281
115 114
195 258
13 98
263 346
21 137
327 115
232 48
348 156
277 150
259 457
472 368
345 374
145 140
316 393
309 102
117 280
385 331
489 136
448 483
137 124
291 91
168 106
251 158
104 484
182 372
160 217
14 447
320 317
245 418
46 173
341 193
401 278
272 326
325 102
476 373
223 35
419 421
370 177
329 355
289 428
222 333
471 204
228 371
102 224
339 341
332 402
309 490
26 419
494 10
456 102
34 47
146 273
417 18
193 387
117 319
243 420
406 478
59 4
364 270
444 289
68 452
68 364
35 49
107 245
433 466
257 221
135 349
339 102
150 474
461 420
178 467
252 269
393 299
287 169
352 115
238 406
460 371
53 453
222 39
401 403
429 61
156 265
303 438
427 397
54 310
379 52
275 2
498 179
243 316
409 496
321 58
293 389
85 164
132 396
16 189
296 102
385 334
432 122
155 30
482 222
74 68
88 65
338 320
442 60
70 357
437 388
327 175
102 105
330 428
61 150
54 492
328 25
291 2
68 449
364 406
20 280
115 239
97 197
344 494
288 102
373 417
58 177
220 342
235 216
441 413
429 364
143 118
52 314
23 152
364 385
87 220
311 442
146 168
65 100
187 21
181 366
98 320
293 421
378 30
494 66
177 463
221 91
499 411
430 350
126 181
449 471
40 168
324 230
260 362
88 202
238 245
55 456
480 340
239 411
169 361
250 73
222 161
166 119
452 15
448 500
17 393
408 441
40 273
248 212
205 246
379 278
369 479
391 75
300 375
268 399
390 371
261 162
433 306
347 325
93 83
167 274
217 207
94 478
135 194
132 148
225 207
198 427
74 452
454 214
291 496
131 38
181 367
221 275
164 402
145 233
116 196
88 227
471 126
497 402
132 287
196 158
184 361
339 94
250 404
237 366
255 416
493 471
115 149
465 311
310 461
368 464
455 171
391 265
287 240
471 163
66 408
202 102
286 83
118 177
156 364
297 230
414 72
359 88
314 185
223 63
466 392
477 26
220 160
102 459
323 443
161 276
27 90
106 192
408 102
269 394
436 61
24 453
3 176
285 421
262 278
82 277
262 52
422 104
238 107
494 32
282 445
71 480
365 97
291 394
471 256
69 265
197 493
230 190
228 14
197 241
190 388
269 400
487 242
418 335
218 377
295 450
151 232
434 40
475 344
326 278
84 364
216 481
54 243
364 61
333 102
112 176
447 58
140 230
102 246
302 298
225 247
121 401
135 236
254 498
402 78
123 360
19 494
338 445
135 372
147 393
40 342
144 194
364 338
286 344
150 182
44 184
401 209
386 203
2 498
198 437
146 267
68 435
461 102
21 124
158 147
9 231
164 36
72 374
467 470
489 365
71 138
110 421
98 398
324 437
334 498
57 271
29 210
204 241
425 3
323 379
130 105
410 311
87 300
357 313
342 192
358 181
416 208
266 425
324 350
219 318
201 238
317 282
341 94
11 350
392 332
182 349
448 442
380 440
428 401
361 31
425 138
60 448
73 446
91 275
113 105
219 473
478 335
80 345
14 7
21 442
128 290
15 104
79 434
465 49
100 68
430 351
481 205
438 139
206 39
200 362
305 214
382 458
297 388
374 106
388 136
196 13
93 485
127 228
390 177
471 154
158 180
250 446
133 432
24 45
69 279
405 313
475 101
154 449
87 486
278 336
419 487
310 339
473 417
139 303
402 271
366 471
492 419
233 407
27 414
308 353
457 92
35 410
401 488
115 64
182 184
102 312
332 99
500 211
85 348
256 197
499 115
213 340
363 307
67 410
7 58
143 319
474 194
107 325
314 497
421 478
402 109
417 298
332 37
411 364
234 287
299 188
171 292
68 346
55 102
61 337
275 291
419 218
47 393
62 252
334 364
5 462
465 51
231 165
72 27
124 500
150 375
351 350
318 417
204 154
307 95
268 328
12 221
500 295
364 362
65 229
362 377
202 203
187 121
452 263
143 177
362 242
73 452
252 183
84 381
493 241
492 389
363 100
124 4
49 226
80 438
423 67
95 102
349 144
361 244
464 422
37 57
422 472
210 494
128 67
173 411
67 488
346 435
134 147
482 161
312 191
274 191
184 82
200 377
298 380
253 38
491 248
31 12
429 436
196 231
500 115
122 283
37 109
395 228
42 335
242 260
272 262
333 280
180 186
15 73
164 78
214 224
122 407
76 470
80 157
481 246
112 3
420 310
13 439
67 278
235 481
48 151
82 169
112 232
478 285
59 442
45 364
350 426
330 364
483 442
439 196
102 446
360 374
463 268
63 272
444 330
416 134
103 235
1 67
284 69
127 371
365 130
248 470
412 424
87 247
229 204
398 13
122 140
406 285
96 484
330 46
265 75
375 87
480 364
438 89
445 419
80 29
265 364
40 249
487 362
376 295
462 416
334 331
364 177
486 364
410 226
287 273
248 34
29 345
318 440
56 470
159 150
441 89
90 494
316 461
47 296
485 364
169 300
5 147
198 81
490 272
406 431
414 90
406 464
355 49
459 97
466 84
12 244
95 386
494 127
500 376
432 407
81 295
239 114
195 136
287 361
177 451
364 87
35 1
217 87
358 297
165 9
119 451
102 313
292 62
47 120
112 480
384 417
349 372
306 78
83 485
401 336
344 101
274 77
70 271
355 427
65 43
181 256
70 497
185 85
185 323
148 141
166 41
9 179
454 268
26 487
337 334
312 77
438 19
423 401
58 166
282 320
311 67
111 403
383 368
434 247
267 157
102 397
417 380
354 362
345 90
41 343
79 342
449 364
193 102
261 205
233 426
412 444
68 232
348 33
209 330
323 424
362 26
175 411
400 235
280 222
324 11
178 62
104 472
102 234
35 128
235 292
430 219
350 315
254 257
380 219
58 119
105 489
486 192
467 455
369 344
92 56
219 350
186 188
319 177
297 190
271 109
364 494
337 236
422 38
384 473
199 25
326 128
110 431
364 417
73 74
252 496
306 466
227 459
30 68
14 58
245 387
277 159
488 278
102 49
347 404
148 205
317 445
65 304
265 284
498 135
181 237
228 7
363 74
68 425
431 421
364 78
364 352
458 287
276 37
393 296
463 301
347 102
374 364
283 297
443 444
320 53
189 42
224 305
6 299
390 463
106 157
455 102
258 136
318 18
406 362
491 56
253 131
303 456
495 208
402 314
490 314
313 206
500 170
369 360
201 472
253 406
450 324
257 184
217 434
311 423
8 92
364 163
427 295
245 406
480 151
43 227
2 252
370 447
334 179
100 386
332 276
308 333
208 492
179 183
301 280
53 338
97 227
201 406
75 85
77 333
199 494
267 303
249 142
316 134
52 490
350 64
162 103
443 424
459 88
266 68
145 324
399 32
370 364
125 332
330 289
461 17
361 141
1 128
116 439
434 160
99 84
257 372
453 98
364 419
324 115
75 78
415 403
130 97
150 364
364 115
334 236
323 278
457 212
74 100
50 33
306 402
260 406
149 175
231 457
86 476
133 315
19 210
395 447
437 81
184 12
396 102
183 8
63 102
249 458
252 409
334 135
364 284
25 268
195 365
102 203
399 454
54 495
470 178
479 27
494 441
448 211
126 367
7 321
372 254
79 220
78 36
106 80
275 254
224 408
393 6
409 394
394 91
313 191
404 472
362 218
419 153
279 75
22 293
336 323
219 364
104 452
120 102
481 261
400 394
332 381
166 228
480 3
220 486
171 468
167 313
476 219
162 141
269 235
5 134
322 274
252 8
114 411
263 104
192 364
156 33
292 468
292 252
70 161
204 65
272 102
298 219
402 85
83 494
416 492
46 411
271 497
131 340
125 84
222 364
76 467
119 177
13 364
159 375
238 472
419 477
354 218
304 97
240 87
498 183
53 24
406 110
222 117
330 412
122 233
450 115
150 144
131 28
259 158
284 78
451 343
13 24
71 3
5 196
302 417
258 181
81 427
180 251
469 422
118 356
146 102
314 357
35 226
262 490
419 377
20 268
131 484
96 346
181 365
156 330
229 304
102 76
130 459
228 364
138 3
23 460
251 186
212 491
327 411
161 99
257 44
187 415
53 45
288 105
212 186
8 457
167 39
249 382
424 50
419 293
353 333
287 40
157 303
419 255
5 158
213 406
102 191
215 431
165 439
78 69
415 411
352 149
474 236
216 102
259 196
297 140
139 89
135 254
212 180
219 384
228 343
464 38
356 270
324 81
219 302
408 399
2 254
266 3
411 352
417 133
442 4
301 268
68 155
106 146
84 172
94 293
437 113
150 82
358 136
364 340
336 443
142 287
175 115
290 278
17 316
465 226
255 492
148 261
485 286
448 465
111 415
31 162
68 154
56 178
12 103
95 74
488 423
438 157
128 223
301 20
414 374
108 337
9 8
413 408
386 307
150 87
446 74
96 435
300 159
366 256
94 16
314 309
381 99
6 47
29 90
193 107
161 57
374 101
311 483
11 64
102 34
13 331
310 102
171 62
223 102
300 240
410 1
11 115
200 364
153 215
386 359
404 446
188 248
47 248
181 432
155 71
459 174
481 162
107 387
405 482
143 222
146 40
18 219
46 364
300 287
12 91
89 19
420 316
334 429
129 411
463 25
406 368
364 384
415 21
242 419
269 409
376 355
121 415
354 419
215 406
51 49
160 87
374 123
432 364
172 99
72 123
361 132
159 169
494 29
177 117
222 322
497 357
176 266
221 184
166 321
301 177
320 416
344 485
467 171
465 483
418 387
120 296
22 339
247 382
386 202
227 65
84 392
397 355
290 67
341 16
493 204
469 131
310 389
330 50
383 201
31 141
376 465
111 173
31 244
231 8
63 326
99 276
309 357
96 480
367 163
276 57
472 15
113 489
207 87
386 363
42 387
6 188
224 454
414 345
161 172
97 241
436 264
312 333
472 107
167 322
68 378
115 219
214 308
478 42
141 261
474 337
215 260
471 364
392 125
6 248
184 244
222 118
235 468
445 364
320 462
104 469
296 17
263 68
237 126
324 190
199 399
242 153
81 450
43 304
406 38
133 86
462 134
104 131
182 44
364 71
222 84
313 309
93 364
455 216
371 451
102 17
322 77
57 109
