500 1494 3 490 498
252.4341 318.7167
0.2599 1.0706 425.8744
0.1360 0.0790 214.5843
0.2182 1.8213 822.5579
0.1562 0.7390 840.6542
0.4037 1.0709 905.2183
0.8180 1.9355 491.4439
0.5141 1.6902 720.0009
0.7759 1.7516 755.8485
0.7118 1.9359 194.9442
0.0967 1.1018 40.4454
0.2371 0.5314 657.8017
0.0348 0.3365 404.4345
0.1697 1.3905 996.0104
0.1061 0.4101 80.8498
0.2339 1.6898 315.4235
0.9029 0.4100 266.1822
0.1188 1.8213 62.1516
0.7261 1.6897 985.3000
0.7450 0.1776 638.3885
0.2050 0.6022 771.4202
0.7887 1.4039 263.5719
0.6979 1.8209 756.2170
0.6011 1.4038 394.5389
0.1511 1.2433 294.3685
0.0362 1.9360 946.3135
0.4208 1.4037 348.6487
0.1391 1.3904 617.9061
0.6111 1.8210 33.9980
0.6322 0.2454 609.9178
0.6237 0.3360 982.4098
0.0560 0.5315 494.1982
0.3047 0.3361 25.6668
0.4738 0.8880 105.1515
0.2731 0.8878 30.0054
0.3720 1.5289 227.5733
0.7399 0.0790 7.0819
0.8020 0.9221 414.7502
0.4317 0.8880 234.3463
0.4390 0.1773 118.6448
0.7850 0.8877 101.7193
0.7230 0.8875 341.9155
0.8327 0.7391 117.2339
0.2647 0.1775 389.7022
0.7867 0.3360 440.5156
0.0541 1.7515 954.2665
0.0828 1.7515 439.2506
0.7161 1.4038 908.0691
0.9559 0.7388 297.0221
0.1199 0.8875 381.1390
0.4138 1.3904 684.6634
0.5707 0.0786 254.7841
0.2518 1.5285 104.1066
0.4858 1.7517 182.1070
0.4431 0.2452 283.6200
0.8737 0.8876 272.0728
0.0671 1.3906 772.1933
0.4418 0.3365 610.0756
0.2762 1.1021 387.2130
0.6888 0.0789 125.5019
0.2579 1.9357 358.5832
0.8568 0.0790 342.1522
0.6057 0.8880 980.7279
0.8997 0.2451 535.4607
0.9610 0.8880 444.3219
0.4017 1.3904 137.0606
0.4698 1.0710 444.8242
0.1589 1.6901 168.9073
0.5982 0.5314 708.6939
0.1508 1.7515 429.5323
0.7102 0.8880 870.6147
0.4770 0.0791 147.4919
0.4300 0.6025 852.0220
0.5310 1.7515 2.4401
0.8147 1.5288 701.6880
0.1020 0.9225 591.9995
0.0969 1.5285 560.1594
0.4598 1.6898 969.7451
0.8507 0.4100 234.9221
0.8359 1.3905 727.7111
0.6627 1.2430 271.6057
0.6868 1.5287 896.2788
0.5031 0.1777 475.3438
0.5568 0.4098 919.5174
0.0458 0.0790 307.3426
0.3288 1.8210 432.4702
0.8581 1.8212 958.8697
0.0988 1.4039 126.9939
0.5052 1.0706 821.0520
0.9308 0.2450 562.8454
0.0559 1.2432 754.1637
0.4569 0.9225 137.3781
0.5257 1.4038 966.2838
0.4089 1.9358 9.2965
0.8991 0.3362 562.3003
0.4242 0.7388 510.5629
0.6959 0.6025 836.8100
0.0979 0.3363 631.5884
0.0890 1.3905 55.9875
0.3540 1.4037 683.5233
0.0977 0.0787 689.7092
0.6357 0.0789 799.6450
0.9691 0.9221 587.5838
0.2032 0.0790 832.7826
0.4612 1.3906 910.6342
0.8049 1.6900 46.1777
0.4107 0.5314 282.6209
0.2980 1.5286 190.9097
0.7692 1.3906 833.9344
0.3150 0.5314 361.9366
0.6137 1.5285 347.3533
0.5732 0.7393 293.3337
0.0392 1.4039 444.4152
0.1841 1.2433 760.0817
0.9168 0.7393 580.8307
0.3907 0.9224 496.8882
0.1808 1.9357 578.5885
0.2200 1.4039 941.0580
0.1792 1.4041 125.3301
0.9167 0.5317 721.8153
0.1940 1.3906 467.7347
0.5707 1.5288 660.6584
0.5038 0.9225 346.0751
0.6722 1.1022 19.6690
0.8929 0.6022 336.7576
0.0619 1.1018 61.2644
0.0669 0.7393 80.2364
0.1417 0.8879 735.2172
0.8271 0.2454 617.0069
0.3759 1.2435 182.8214
0.6910 0.9224 304.1711
0.1352 1.0709 227.2100
0.8942 0.9226 801.3246
0.2159 1.5287 114.3089
0.1189 0.7390 937.3473
0.3538 1.5287 740.3703
0.8261 1.6898 708.1038
0.3080 0.0787 112.9353
0.1940 1.5289 190.6259
0.3811 1.9359 773.2250
0.6652 1.0706 169.7900
0.4697 1.8209 321.9004
0.9421 1.6902 891.9579
0.8422 0.0789 171.3046
0.6689 0.6024 460.4031
0.2337 0.7388 708.1809
0.8189 1.3905 376.5877
0.9150 1.4038 54.6270
0.3287 1.4038 933.2970
0.4319 1.9360 55.7153
0.3420 1.9358 678.0572
0.5407 0.6025 911.3014
0.3287 1.1020 207.4130
0.4527 0.0786 548.8546
0.8138 0.8875 102.8066
0.5692 0.6023 459.1670
0.8319 0.8878 126.7549
0.3757 1.8208 585.5216
0.5108 1.3906 119.1315
0.8138 0.5316 921.7916
0.0678 1.6898 549.6469
0.8220 0.3365 262.5252
0.1409 0.4102 216.4499
0.8230 0.6022 495.7217
0.8931 1.4041 505.3506
0.6681 0.0790 308.6357
0.1420 1.4037 240.4446
0.6899 1.0707 849.9979
0.4829 0.9225 249.0157
0.3541 0.8880 546.7595
0.3522 0.2450 444.2381
0.6819 1.2435 771.4403
0.8059 1.2430 820.0095
0.2912 0.9225 86.3479
0.0767 0.6024 351.3100
0.7241 0.7390 913.0266
0.1168 0.2450 98.4804
0.4012 1.2430 18.3032
0.0722 1.5287 580.1892
0.0859 0.9226 325.8607
0.7201 1.2430 923.8363
0.0532 1.8209 671.7443
0.5352 0.2455 111.0483
0.3358 1.2430 861.3212
0.6157 0.8876 803.1683
0.7439 1.5284 491.7644
0.8432 0.6027 593.2740
0.8322 1.7518 305.8231
0.5758 1.3903 975.1385
0.7141 1.7516 906.3154
0.1270 0.5319 108.7109
0.8388 1.0708 809.4884
0.7100 0.1775 802.4809
0.5892 1.9359 11.5381
0.2377 1.7514 699.3594
0.6357 1.6900 501.7073
0.7679 1.2435 891.0346
0.7367 0.7390 479.0935
0.8892 1.2435 659.9560
0.7087 1.6899 189.4415
0.4117 1.1021 779.3177
0.4641 0.7390 37.1399
0.2621 0.0788 620.3041
0.8368 1.5286 120.4089
0.9338 1.5284 952.1827
0.8901 1.6899 418.7072
0.4807 0.7391 131.9116
0.1381 0.5314 152.7155
0.0668 1.2435 649.2330
0.1987 0.5315 833.7804
0.7490 1.9358 925.8750
0.6567 0.5314 837.0376
0.5931 1.2432 652.0120
0.4298 1.6897 924.9772
0.4427 0.4101 330.7820
0.5491 0.2453 88.4220
0.2779 1.5288 590.1787
0.6152 0.7393 588.4474
0.3287 0.7393 440.4339
0.6849 1.9357 252.8579
0.7707 1.4042 912.4141
0.3170 1.7516 95.7825
0.5237 0.4100 571.3322
0.3962 0.8875 496.7923
0.2018 0.9224 584.1222
0.9589 1.0709 688.0147
0.1932 1.4037 235.5782
0.1168 1.9357 471.6946
0.3569 0.7390 413.5817
0.0397 1.0706 519.4485
0.8528 0.9225 422.1396
0.4449 1.2431 537.4258
0.5209 1.3905 198.5813
0.3512 0.9222 270.0300
0.4608 1.7517 86.6102
0.2669 1.2431 186.9948
0.5111 1.2435 952.1710
0.1937 1.0711 776.3801
0.1421 0.1775 580.9302
0.7587 1.8208 19.5247
0.6389 0.7388 203.0217
0.8328 0.5316 976.0168
0.7622 0.6022 983.6677
0.6192 1.2432 505.0963
0.2219 0.7390 359.6201
0.2747 0.7389 629.0325
0.1371 1.1022 32.5552
0.8520 1.2433 796.8510
0.6709 0.4100 888.4100
0.2798 1.4041 293.7830
0.3532 1.3905 853.3170
0.2441 1.8211 440.8365
0.5517 1.6900 794.8563
0.4471 0.8879 590.7290
0.9618 1.3906 100.4989
0.7022 0.9226 371.4643
0.6718 0.3360 769.0150
0.7359 1.2430 748.4297
0.5540 0.0788 382.7466
0.6800 1.6898 436.6252
0.5319 0.7390 973.0790
0.1862 1.6899 107.9501
0.5112 0.3361 511.4480
0.3119 0.4097 591.7378
0.9271 1.2433 886.4710
0.2582 1.4039 81.2982
0.6051 0.4102 441.7732
0.0897 0.5317 117.2530
0.0751 0.2451 766.8852
0.5457 1.9360 471.4187
0.6589 0.8879 522.0974
0.0980 1.0711 92.6399
0.9659 1.5288 363.1956
0.6892 0.8877 298.6540
0.9527 1.2432 517.0171
0.3010 1.9359 278.8987
0.1621 0.3365 223.5031
0.8278 0.9224 961.4509
0.3200 1.3902 762.8143
0.2768 1.7515 499.6282
0.0640 0.8875 529.3756
0.8930 1.1022 187.3911
0.6328 0.6023 24.7905
0.6000 1.6900 164.4105
0.6231 1.9357 563.5952
0.1700 1.2434 937.6266
0.5980 0.9221 990.2418
0.3110 1.6901 610.4744
0.2971 1.8208 809.6233
0.2719 1.3902 82.2615
0.9092 1.6899 26.2449
0.8198 1.4040 857.5174
0.9311 0.4101 290.5649
0.8060 0.1775 77.5978
0.8979 1.9360 766.3687
0.5278 0.0789 472.2472
0.1169 0.6023 805.4247
0.8967 1.3905 639.5553
0.2052 1.7516 976.5135
0.0962 0.1773 156.3632
0.7867 1.1021 311.6783
0.4161 1.8212 582.5516
0.2051 0.4099 761.0537
0.6270 1.4040 921.7900
0.0599 0.9225 598.2854
0.5248 0.5319 154.0411
0.5020 1.8213 539.8782
0.8952 0.0788 54.1223
0.5209 1.5289 285.7763
0.6341 1.8211 559.3903
0.7799 1.0711 731.4315
0.1939 0.3361 861.7932
0.8150 1.7515 326.3154
0.8721 1.7517 330.2889
0.0367 0.7389 816.5344
0.1978 1.8213 672.7902
0.8659 0.7391 449.8020
0.2882 1.2433 562.3181
0.5642 1.4040 877.1329
0.3277 0.8875 654.8520
0.0427 0.8877 59.8591
0.7330 0.5315 929.9628
0.4657 0.6027 715.2580
0.4651 1.2434 689.1165
0.1638 0.2453 340.7611
0.3821 0.8880 526.6612
0.4468 1.4039 629.3738
0.3549 0.6023 158.9073
0.0982 1.6897 743.9339
0.8860 1.5285 936.7686
0.9469 0.3365 104.4974
0.3791 0.5318 844.7963
0.9558 1.9359 741.0521
0.7229 1.1022 462.2712
0.1947 0.7388 499.7910
0.1591 1.5284 515.8586
0.5317 1.2432 219.3793
0.8167 1.1023 194.6262
0.5531 1.2435 472.2088
0.3758 0.0789 857.9440
0.2170 0.8877 672.3362
0.1311 0.9222 2.6234
0.2708 0.5318 90.4104
0.5599 0.7390 120.4724
0.6027 0.6022 903.3125
0.6177 0.0790 634.7044
0.8180 1.8209 777.0982
0.1232 1.7519 32.1269
0.8718 1.6900 488.6829
0.5808 1.0711 394.9773
0.6377 0.9224 493.1019
0.3392 1.0706 507.9513
0.5867 0.1777 221.7767
0.9682 1.7517 199.0429
0.7910 0.4097 512.3071
0.8298 1.2435 48.7356
0.2882 0.1778 483.9018
0.9510 0.0787 708.9512
0.9362 0.6025 411.5876
0.4980 1.5289 197.4905
0.3767 1.7518 17.4103
0.4551 0.4101 995.7527
0.9301 0.9222 910.4075
0.5509 1.5284 590.8050
0.2400 0.9223 64.5367
0.9189 1.0707 693.4788
0.2419 0.6023 736.7429
0.8600 1.9360 622.8425
0.0779 0.0791 228.0368
0.2510 0.8880 593.7531
0.0370 1.6902 141.4094
0.0538 0.4098 602.1161
0.3979 1.4038 468.9719
0.0820 1.4038 585.7603
0.9158 0.0788 472.4209
0.3307 0.0787 296.3210
0.6880 0.2453 787.5191
0.2490 0.3363 784.7105
0.8672 1.4042 682.5663
0.3832 0.2455 511.1754
0.6141 0.9225 462.7496
0.7130 1.5285 127.9159
0.2117 1.9358 549.4829
0.8382 0.3365 494.7750
0.2301 1.2431 344.6446
0.6332 1.3902 716.9802
0.7299 0.6026 740.5846
0.1749 0.9225 743.2454
0.3697 1.1020 941.5509
0.3322 1.6901 339.0132
0.9119 1.8211 354.9079
0.7657 1.6897 108.9925
0.4372 1.5287 249.3166
0.5622 1.8213 433.7218
0.8002 0.0786 171.1837
0.7338 0.4098 602.2147
0.3680 1.6901 179.8507
0.5512 0.8880 865.2570
0.7731 0.5317 637.1528
0.6527 1.5288 592.0880
0.3527 0.4098 703.6617
0.2861 1.0711 234.9059
0.1282 1.6902 241.6814
0.2331 1.1021 698.7820
0.5002 1.4038 344.8339
0.9278 0.8879 577.1238
0.3947 1.6901 235.4953
0.7970 1.9355 922.6492
0.7647 0.9221 780.6069
0.7647 0.2454 96.7756
0.6299 0.5314 494.5737
0.3201 1.2435 179.0678
0.2801 0.2451 891.6226
0.9699 1.1021 675.6484
0.0430 1.5287 32.2500
0.4988 1.1018 939.7437
0.2462 0.4099 747.8278
0.8887 0.7388 373.2818
0.8899 0.5317 230.9016
0.2212 0.0791 405.0836
0.9508 0.5316 923.2784
0.5959 1.7519 820.2021
0.7441 1.8213 539.6621
0.7012 1.3904 14.7453
0.2782 0.6027 385.9456
0.5790 0.8877 803.9557
0.5561 1.1021 585.4941
0.4250 1.5289 568.4969
0.5540 0.9223 658.2384
0.1677 0.6022 588.0212
0.4687 0.2454 609.0493
0.2549 1.3903 49.9018
0.7658 0.8880 640.7729
0.3929 0.3360 733.6781
0.3839 0.7390 929.0658
0.6941 0.5315 829.1655
0.0951 0.8878 947.5350
0.1368 0.6024 905.8456
0.4150 0.9224 563.2700
0.4650 0.5317 91.2318
0.0847 1.9360 149.2534
0.3631 0.0786 789.7977
0.7839 0.6026 233.5320
0.9012 0.8877 937.5176
0.8801 1.3903 809.3960
0.5819 0.3360 726.1249
0.0362 0.6022 205.5400
0.3219 0.9221 915.7260
0.7690 1.5285 887.1628
0.8641 0.2455 992.1646
0.6989 0.7388 302.4096
0.7161 1.3907 218.9369
0.7209 0.3361 115.9513
0.3300 0.5319 306.4630
0.7287 1.7517 657.1117
0.3882 0.6024 315.9794
0.9001 0.1774 779.7975
0.3649 0.3360 185.7546
0.5699 1.6900 338.2885
0.5002 1.9359 970.7769
0.3290 1.7519 211.4985
0.5157 0.8876 166.0396
0.5408 1.4041 61.3326
0.7502 1.4040 194.0517
0.7728 0.7392 966.9440
0.1007 1.2434 859.5977
0.9099 1.7519 104.4877
0.5327 1.0711 324.8557
0.4729 1.9359 837.8472
0.7601 0.0791 882.6639
0.3051 0.8876 500.0641
0.5671 0.5314 725.0990
0.1939 0.8877 585.1057
0.5290 0.3364 193.8725
0.6629 1.7514 60.1628
0.5149 0.6024 675.8022
0.9552 0.6022 875.7442
0.0938 1.8210 484.0894
0.3941 1.7518 663.5685
0.6780 1.4037 756.8516
0.3427 0.6022 621.0358
0.6448 0.2452 793.9876
0.2661 0.3361 791.6009
0.4229 0.0787 254.5352
0.2259 0.2450 356.1269
0.1801 0.0786 980.6578
0.6308 1.1021 117.5570
0.4542 0.5316 169.4243
0.1992 0.2450 921.9461
0.5971 1.3905 572.1400
1.0000 0.0000 797.8819
0.7250 1.0711 727.1706
0.9587 1.4040 863.8591
0.4827 1.6902 707.8622
0.2657 1.6900 988.8897
0.5441 1.7514 414.7628
0.3187 0.6025 466.5286
0.9678 1.8209 436.3403
0.0000 0.0000 730.4838
0.5137 1.1021 446.3218
0.6117 1.7517 211.3138
362 132
210 393
157 478
323 125
61 407
306 393
175 450
490 357
355 172
130 432
480 106
433 457
351 286
25 483
417 40
109 496
319 179
421 500
48 490
304 369
299 441
69 347
103 485
116 227
372 26
18 185
124 358
309 407
8 312
138 287
4 134
353 466
396 389
374 19
99 372
285 113
371 377
214 305
140 167
6 407
298 288
83 222
316 163
464 197
101 60
246 229
299 488
239 422
163 42
293 374
267 190
219 306
210 61
92 135
50 104
41 380
361 68
478 493
266 83
83 57
234 306
456 357
314 472
299 430
25 485
403 271
303 431
35 135
255 154
199 81
350 467
247 355
109 371
432 316
364 173
459 468
126 314
77 35
200 5
198 247
365 362
56 90
437 267
308 363
469 394
409 43
22 422
257 200
345 101
216 107
25 375
134 126
3 298
376 409
23 431
437 190
385 463
286 428
479 188
338 212
21 291
92 308
73 393
5 286
15 414
201 95
82 352
229 115
106 331
149 157
146 164
477 25
460 360
418 124
378 204
214 68
59 275
179 75
341 325
251 288
46 77
113 384
25 339
243 80
291 451
176 268
100 25
106 72
38 253
340 369
312 391
297 254
303 81
464 41
209 429
461 397
401 286
364 229
86 346
446 498
163 186
132 55
490 420
94 29
94 128
220 329
255 130
461 201
420 292
394 356
232 158
298 493
224 33
246 10
398 96
105 74
321 344
497 353
413 264
401 200
240 242
460 221
361 214
81 47
340 472
398 321
325 134
60 315
224 253
207 209
263 416
341 387
18 448
45 77
312 105
101 43
144 96
371 97
408 37
80 171
340 314
490 456
323 236
138 389
223 244
225 362
92 462
311 276
361 222
413 281
478 234
470 314
221 493
16 420
56 112
463 185
156 114
167 277
255 432
314 446
352 307
466 290
200 66
458 252
364 461
475 68
499 426
270 217
180 171
445 248
200 351
299 483
278 289
229 75
429 244
223 38
169 134
65 479
37 140
380 5
336 338
195 283
349 333
66 415
490 102
154 156
168 122
474 309
354 418
301 141
121 110
236 125
152 58
153 25
79 146
154 277
499 196
330 292
220 21
172 108
128 449
453 480
498 414
388 200
178 414
428 237
211 344
456 374
387 38
172 423
55 114
85 139
304 498
70 240
403 229
463 203
412 299
20 366
181 45
165 59
203 348
357 374
234 53
123 349
404 27
444 147
492 490
471 72
494 76
194 298
371 14
442 163
397 343
157 85
160 414
192 449
46 493
388 152
32 457
237 168
287 494
386 242
175 197
231 120
13 411
344 343
280 304
56 373
180 188
233 447
460 288
13 129
140 300
61 352
437 429
217 386
270 273
299 481
53 7
464 163
101 165
217 111
213 406
56 249
132 191
491 230
215 182
151 68
219 284
477 116
310 281
284 193
490 413
291 108
328 414
51 345
368 84
51 258
459 141
349 350
243 250
408 255
128 39
285 98
403 246
95 434
346 239
391 448
25 441
71 440
232 188
348 204
209 371
464 442
110 399
258 299
104 80
120 212
118 166
392 359
299 153
99 148
466 205
274 254
118 226
175 242
302 416
442 242
80 158
72 305
174 296
170 473
353 390
312 136
125 411
232 80
133 99
333 123
48 64
55 48
245 20
41 175
399 259
284 141
198 337
180 257
238 101
166 414
263 439
243 125
433 324
361 410
477 17
224 461
303 250
150 251
498 370
41 42
490 353
492 272
132 230
302 331
443 132
245 218
90 498
486 123
61 193
480 327
126 296
493 279
125 113
434 72
112 414
45 160
232 479
342 109
286 1
55 443
125 285
123 355
17 382
5 66
364 397
270 168
107 404
254 490
304 320
236 120
45 287
290 272
29 215
409 238
359 493
318 13
445 30
387 229
72 228
402 45
257 196
142 272
472 127
32 400
78 354
393 219
314 174
352 192
448 185
124 48
478 85
256 395
398 144
419 299
337 167
308 318
498 31
331 480
184 111
425 397
58 131
495 195
229 438
474 500
344 282
92 404
23 318
356 165
457 324
172 486
217 273
114 417
276 268
308 283
120 336
243 50
458 53
48 114
360 478
452 256
435 211
176 299
344 217
319 75
8 18
283 73
228 327
280 314
92 427
153 483
314 498
53 493
96 386
301 468
384 13
235 13
203 74
475 322
492 147
161 430
402 67
492 297
16 383
469 139
187 313
394 82
34 470
66 350
489 47
495 393
231 125
15 45
66 426
408 140
26 56
91 438
352 394
319 304
374 352
195 500
156 55
322 72
455 228
189 474
191 365
158 479
344 410
92 107
38 434
498 181
382 258
239 312
373 112
31 296
8 199
444 297
299 2
95 322
283 458
493 194
500 309
125 235
214 457
212 431
422 6
392 92
490 64
154 37
478 288
34 304
181 25
223 228
319 470
407 28
485 299
159 442
5 351
133 138
159 242
268 299
497 332
45 389
35 427
159 354
174 446
196 489
170 30
97 268
155 260
171 58
338 120
398 282
56 498
24 465
77 213
12 498
393 53
296 4
125 90
185 381
290 205
198 254
384 27
437 4
26 216
87 414
122 273
450 240
276 97
233 270
377 176
77 493
443 48
2 100
187 312
288 279
64 405
396 52
143 394
371 342
60 17
487 439
72 439
499 172
136 105
78 16
61 307
463 220
299 103
76 178
272 147
31 371
308 493
241 159
448 463
368 299
53 252
199 399
170 445
150 36
454 8
240 386
161 182
451 423
203 136
371 498
281 491
358 476
358 119
66 499
463 329
191 310
417 432
182 430
249 76
418 119
322 260
462 318
461 206
453 14
99 56
84 299
293 449
369 34
482 32
419 202
278 250
78 119
159 395
212 289
314 369
140 349
226 56
120 431
248 262
38 341
8 239
261 15
91 168
199 259
377 311
14 331
142 490
18 199
244 145
365 281
451 108
71 299
251 3
215 299
274 413
68 344
97 12
314 34
267 31
186 316
452 354
365 132
206 260
316 42
403 171
433 488
48 476
134 470
292 383
183 13
125 212
204 291
296 314
13 92
243 65
309 22
52 216
253 33
237 58
203 105
435 344
167 491
9 210
407 210
57 433
18 312
165 275
26 326
423 385
363 283
83 159
450 242
125 208
208 90
108 146
176 311
143 193
413 225
468 149
381 47
89 293
412 473
49 127
295 227
135 406
54 379
371 11
269 459
473 445
191 281
246 171
207 190
373 87
194 288
115 438
344 111
259 110
497 294
98 113
3 60
94 292
131 237
270 91
416 482
360 288
304 436
432 41
325 223
248 159
45 396
134 223
116 295
261 45
425 447
373 414
371 190
272 204
262 266
46 347
279 194
180 200
486 349
358 420
345 238
138 396
11 429
396 406
155 344
25 202
415 196
294 86
229 233
19 192
76 265
58 403
474 199
260 461
136 348
125 498
148 76
187 239
81 479
78 452
398 344
437 207
161 16
119 124
307 294
426 467
103 419
279 221
404 326
75 341
6 22
229 125
425 364
88 66
51 60
94 409
265 249
9 219
120 177
41 450
117 56
368 100
48 358
359 308
195 421
189 239
298 315
390 86
469 468
56 372
494 414
25 2
223 145
299 137
461 33
377 482
94 481
151 475
463 381
127 314
239 454
317 13
94 449
457 361
393 28
156 132
36 469
265 56
68 410
186 159
305 263
271 229
147 204
79 198
223 218
385 47
36 356
180 489
370 45
220 423
379 299
237 152
188 489
215 161
252 308
61 367
432 350
231 323
142 290
299 170
75 169
390 294
477 45
332 357
65 303
54 430
493 347
376 481
264 198
379 170
420 78
211 361
263 482
490 292
198 333
202 299
490 476
257 415
394 269
110 23
295 71
61 219
269 141
88 426
223 245
399 23
74 448
29 383
54 161
122 428
56 166
183 411
261 414
381 199
9 393
251 275
270 115
325 169
212 243
95 253
273 70
394 39
114 124
41 286
285 56
57 222
429 342
130 350
241 418
28 309
216 326
363 121
143 61
476 420
291 378
205 187
396 133
60 251
326 98
480 496
147 146
382 51
317 411
457 176
13 27
94 383
142 353
140 130
324 299
278 212
163 159
145 20
137 375
153 440
63 89
254 492
218 228
196 172
487 72
68 155
287 76
470 126
125 338
244 334
32 263
352 128
10 171
412 170
45 328
414 370
401 388
108 355
215 383
290 204
400 263
14 109
95 72
237 1
486 426
234 493
367 86
154 114
304 49
10 229
35 406
354 395
299 498
155 343
405 102
184 233
286 380
268 311
385 220
275 150
420 119
121 195
465 125
187 86
195 259
70 450
466 142
7 308
377 14
7 493
453 496
492 444
217 282
128 192
401 1
230 167
87 56
76 117
154 417
490 274
177 13
471 68
41 197
472 304
72 455
330 94
377 162
132 491
57 361
429 334
335 287
62 111
88 467
309 421
328 402
242 464
135 107
79 355
212 250
171 388
267 371
266 159
438 270
280 320
40 255
415 200
473 262
189 422
489 257
174 31
499 415
474 22
238 43
292 16
152 171
51 238
137 25
367 294
61 6
350 380
208 56
371 12
300 337
267 296
77 392
23 121
247 123
206 322
349 467
207 429
202 137
281 337
318 120
214 32
349 426
426 172
183 129
10 125
168 271
425 343
198 444
400 214
491 310
211 410
274 264
350 88
166 87
403 131
111 270
468 141
303 479
303 399
281 225
61 9
412 262
159 398
327 218
229 341
436 49
416 439
233 62
169 341
302 106
494 45
181 477
497 490
304 229
396 216
144 282
143 352
498 25
147 79
64 102
440 25
396 135
167 300
479 104
140 277
477 227
188 47
223 4
124 316
53 73
128 82
139 150
184 62
44 170
141 193
93 85
431 289
44 78
204 164
470 304
118 56
195 474
125 80
262 57
176 482
301 157
437 296
383 161
425 173
138 335
427 392
424 366
395 452
326 107
315 69
305 439
412 484
375 441
60 382
367 239
30 256
280 436
348 205
392 493
59 356
45 67
208 465
396 107
259 474
125 336
41 316
405 48
14 162
11 209
131 168
432 40
105 448
471 305
494 178
7 252
449 19
331 162
376 94
435 361
33 95
233 115
347 315
108 164
223 334
91 229
260 343
225 102
385 489
490 225
224 364
160 370
235 317
276 371
387 224
362 102
236 336
452 44
421 495
386 159
404 98
391 18
482 302
348 187
498 84
199 454
332 374
368 25
23 363
360 493
116 258
125 177
28 421
330 449
223 434
455 106
406 45
322 471
327 106
28 210
118 414
99 76
481 29
304 127
371 311
356 39
281 198
445 395
46 315
96 217
424 496
149 85
367 346
469 459
302 162
328 160
189 199
205 313
38 224
15 494
268 12
151 155
254 264
195 73
101 275
356 43
498 45
480 245
469 356
120 323
326 56
434 253
195 363
229 168
395 30
28 495
234 141
463 74
248 266
230 156
184 270
98 27
99 335
17 116
465 56
52 133
288 85
354 119
234 301
187 136
275 60
293 456
186 241
147 164
304 340
240 273
179 229
487 106
488 324
477 46
204 329
299 484
469 93
201 206
70 286
145 245
29 299
319 169
461 343
413 198
461 95
105 391
235 384
284 61
178 226
473 248
321 222
298 251
177 129
36 139
24 56
286 237
288 221
189 22
32 176
139 288
265 117
42 464
76 335
367 6
20 342
51 299
350 41
398 386
148 56
418 186
31 446
300 198
332 307
141 306
172 385
149 93
214 471
304 179
201 322
172 489
278 303
341 223
37 277
98 384
3 315
86 313
149 469
487 416
444 79
171 125
161 379
319 134
86 353
299 100
329 348
299 182
47 479
219 141
484 488
299 375
419 25
93 139
125 317
63 330
447 62
2 485
150 59
24 285
17 46
222 435
146 355
150 288
424 245
116 382
469 269
462 308
35 213
1 388
140 333
62 425
229 498
118 178
471 475
65 250
21 329
378 164
262 488
129 125
49 314
299 339
313 466
56 98
428 70
272 490
256 170
193 269
409 356
307 374
69 298
314 436
82 39
6 309
273 428
435 321
71 227
402 414
314 320
294 61
295 258
21 451
50 65
120 13
249 148
449 63
192 374
303 23
342 11
117 226
301 149
308 23
92 359
200 171
81 399
170 452
217 144
269 143
92 35
134 296
478 301
111 425
27 92
225 365
351 401
154 40
19 293
498 112
346 187
479 50
490 330
443 362
463 47
271 131
207 371
417 316
345 60
308 458
268 498
198 297
178 117
213 45
261 67
188 171
229 447
277 230
389 287
229 224
302 377
462 13
490 89
376 238
123 198
379 44
86 466
222 159
475 260
400 305
23 120
491 337
203 329
456 89
277 156
54 299
128 356
242 197
395 248
424 109
140 350
299 376
333 300
245 366
26 133
434 228
460 493
46 45
255 140
173 447
339 441
289 303
493 69
417 124
63 293
21 423
367 422
36 59
295 299
390 497
324 176
320 498
488 57
204 205
361 433
299 238
416 106
125 183
4 429
111 343
330 89
153 71
57 266
171 232
384 125
332 490
484 262
17 315
132 310
151 260
408 154
388 237
443 405
398 222
173 229
99 138
453 109
80 50
241 354
79 247
195 110
128 409
381 18
342 366
123 172
161 44
454 189
244 20
161 78
273 168
405 362
24 125
20 429
455 327
25 103
237 122
81 381
41 70
25 84
245 496
327 245
231 177
21 204
43 165
458 73
451 172
294 332
53 306
52 26
495 73
414 67
77 427
378 108
227 440
331 453
440 477
104 158
66 380
424 342
339 483
4 334
372 133
240 217
186 124
