500 1494 8 377 361
972.9672 807.0353
0.5282 0.1543 350.4779
0.1937 0.9860 21.4827
0.2988 0.8988 289.5850
0.3019 1.4888 478.9620
0.5289 0.8986 524.8385
0.7411 1.7343 70.8733
0.5168 1.8134 436.5910
0.5731 0.4881 36.2405
0.3519 0.2261 119.2029
0.2519 1.6604 147.1817
0.9222 0.7149 274.2845
0.8090 1.1149 821.6553
0.4347 1.2410 181.9963
0.5561 0.6006 949.2521
0.5917 1.1431 523.7277
0.9589 1.5378 363.5959
0.5477 1.5378 800.4010
0.5532 1.4889 967.9273
0.4759 1.0654 704.5136
0.8390 1.1149 558.6644
0.6269 1.6606 397.6148
0.0322 1.4889 582.6007
0.8181 1.1435 885.7519
0.8908 0.9858 993.9886
0.3469 0.8985 52.1060
0.9172 1.0656 537.7392
0.9111 0.4881 113.2536
0.8457 0.0154 60.8744
0.8241 1.6606 430.8435
0.0580 1.9361 401.8949
0.1542 1.6606 875.6306
0.7668 0.3636 276.3099
0.7610 0.6004 476.4784
0.8780 0.5568 135.2782
0.4348 1.4222 942.3953
0.8068 0.5568 214.2160
0.4051 0.8986 959.8016
0.1812 0.0839 875.8483
0.3717 1.6606 890.6429
0.8272 0.6003 758.4358
0.6428 1.2409 204.6974
0.5039 1.4222 292.7233
0.2838 0.8468 366.0015
0.7238 0.0840 655.5080
0.2220 1.1432 55.6098
0.4839 0.3638 365.6278
0.4810 0.8469 551.9863
0.7059 0.7146 923.4315
0.2919 0.4878 242.7678
0.3639 1.1432 444.0654
0.2428 1.4222 57.5043
0.0771 1.5377 218.9425
0.1160 1.6604 960.3046
0.6982 0.1543 138.1992
0.1821 1.5376 77.8077
0.5509 0.2844 527.9592
0.2370 0.7617 649.8860
0.7769 1.3075 873.3463
0.4652 1.1150 500.2201
0.7081 0.2259 199.5337
0.8340 0.8989 195.6854
0.3157 0.0154 591.9751
0.6741 1.5381 419.5893
0.7361 0.8464 584.9487
0.7171 0.4368 114.2623
0.6678 1.3435 867.7943
0.9477 0.8468 886.4059
0.7179 1.1434 999.9922
0.4610 0.4371 362.2966
0.3730 1.4224 169.9988
0.2892 0.0839 299.1844
0.4127 1.3432 403.8408
0.1948 1.5381 916.1287
0.4691 1.7345 674.5504
0.3990 0.8469 75.1101
0.8011 0.2843 223.3616
0.0967 0.7612 349.9000
0.2117 1.9363 89.5543
0.4150 1.6604 773.6280
0.6832 0.7614 310.1373
0.3160 0.7147 129.7422
0.1508 1.1435 424.9336
0.0751 1.4887 265.1686
0.7941 1.4225 665.3943
0.4792 1.5376 118.1691
0.1848 1.6607 398.9633
0.7910 0.7149 953.5609
0.9351 0.9860 642.0137
0.2839 0.4373 846.9698
0.4248 1.7061 57.1371
0.0627 1.8138 746.6645
0.0707 0.4370 79.1544
0.1938 1.7058 887.6366
0.1392 0.0841 525.5168
0.0760 1.7345 540.0203
0.0489 0.9855 619.3793
0.3907 1.9189 943.3300
0.9280 0.0157 509.7247
0.4277 0.1542 89.6577
0.8287 1.2410 539.6528
0.5882 0.2845 812.6303
0.8559 1.4226 690.9228
0.2861 1.6607 38.9131
0.1937 0.2843 296.2757
0.8839 1.1431 481.7453
0.8462 0.7144 530.7456
0.1207 1.0653 19.5922
0.8768 1.7062 142.8523
0.8968 0.7148 271.7577
0.3532 0.3639 198.9291
0.7810 1.7058 619.8679
0.6649 1.4222 292.1108
0.9657 1.1434 664.9477
0.6618 0.9858 1.7909
0.8811 0.2841 616.6140
0.6907 0.2842 815.8340
0.7549 1.1431 355.3140
0.5701 0.3639 104.9960
0.6277 1.8135 178.6033
0.6328 1.1145 376.1177
0.8130 1.3431 746.7886
0.4799 1.1146 578.3367
0.1241 0.7146 417.6302
0.4852 1.1432 105.1922
0.4522 0.7615 850.8395
0.3021 1.2410 48.7049
0.1351 1.2406 282.7955
0.9122 1.1435 502.1669
0.8150 0.8986 695.7065
0.4342 0.0157 267.9044
0.1032 0.2845 71.0491
0.2042 1.1145 395.1435
0.3629 0.2840 485.5013
0.0581 1.0653 382.2059
0.6910 1.7061 739.4725
0.4517 1.3075 313.9167
0.4458 0.7144 809.7686
0.8252 0.9858 844.1757
0.6922 1.3075 33.1213
0.3978 1.7061 868.9499
0.3487 1.5379 540.5113
0.7769 1.6603 830.0608
0.1947 0.3639 4.1758
0.4428 1.1434 649.8294
0.0407 0.0840 514.1195
0.7457 1.1150 736.2172
0.7521 1.5377 827.8424
0.4399 0.9856 776.5129
0.6742 0.4881 378.8097
0.5459 1.4225 921.5396
0.1207 0.3636 829.2948
0.6312 0.2840 49.6702
0.2189 1.3433 204.0535
0.7818 0.2845 373.6842
0.4579 1.5379 885.2840
0.4322 1.1433 280.9793
0.6507 1.9192 544.8966
0.0910 0.6005 535.3379
0.7760 1.7341 724.8887
0.2352 0.6004 215.8678
0.6287 1.3075 993.9704
0.4757 0.2262 961.8905
0.1197 0.5572 7.4837
0.6342 0.8469 843.6829
0.0449 0.4881 652.4177
0.5849 1.6602 671.8083
0.3588 0.7149 611.8478
0.0330 1.1149 226.5407
0.8218 0.2263 916.8159
0.1387 1.7342 376.2688
0.5948 1.2409 865.2343
0.5387 1.7340 537.3865
0.7531 0.3638 188.1690
0.6050 0.7612 366.8882
0.3572 1.0657 30.4418
0.1658 0.2262 391.5529
0.7759 0.0842 744.8157
0.2201 0.8988 883.2594
0.6901 0.5567 76.8392
0.5737 0.2263 786.0513
0.6578 0.8990 590.0875
0.9572 0.2261 867.6086
0.9388 0.1545 612.8959
0.2379 1.1145 540.4634
0.4947 1.9361 474.2894
0.3511 0.4881 635.3160
0.5808 0.7149 389.0319
0.0597 0.0155 722.1723
0.7142 1.9194 923.6625
0.4428 0.0842 277.3150
0.8742 0.1543 902.1897
0.4081 0.3636 271.8707
0.7800 1.8137 417.0628
0.7037 1.4887 289.6514
0.6632 1.6607 440.1196
0.6639 0.0158 947.5186
0.2289 0.1544 869.1711
0.2690 0.6004 432.1526
0.9661 1.1150 125.4184
0.3840 1.1150 257.9723
0.9072 1.7062 55.3779
0.9631 1.4890 182.6305
0.8522 0.2842 182.3426
0.5980 0.9856 818.1742
0.0572 0.8986 268.9879
0.2390 0.9856 488.1460
0.7452 0.7149 614.7367
0.5901 0.6004 176.7410
0.3569 0.0840 850.1838
0.5537 1.3076 151.1511
0.2452 1.3079 475.7212
0.4629 1.2410 815.1895
0.9662 1.4224 807.6108
0.1898 1.1431 666.9048
0.2878 1.3432 301.2596
0.8848 0.2260 28.7737
0.7951 1.4888 653.5950
0.7157 0.9859 682.8650
0.2950 1.9192 67.0700
0.6579 1.0657 691.7544
0.7269 0.8985 940.0022
0.7542 0.1542 530.3589
0.1932 1.4889 973.6792
0.4192 1.9193 624.8603
0.4858 1.3430 287.3939
0.5888 0.0155 510.7693
0.5290 1.9361 234.1573
0.4822 0.8988 368.6673
0.4130 1.8138 759.3964
0.9659 0.3641 249.6487
0.5201 1.7062 115.8732
0.4949 0.6002 458.9927
0.3331 0.9856 458.9147
0.0769 0.6005 111.6712
0.2620 0.5568 986.1692
0.7011 1.5377 220.0964
0.8189 1.0654 366.3281
0.0678 1.2409 836.4044
0.8901 1.8135 317.7697
0.3510 0.1543 68.7894
0.2009 0.5569 815.8328
0.6578 0.7147 572.0339
0.3972 0.7148 864.5389
0.8727 0.0840 624.6700
0.4950 1.4889 383.8195
0.1128 0.4876 443.2332
0.2848 1.4224 525.4544
0.3908 1.7345 714.9478
0.0318 1.1435 593.8993
0.1439 0.4371 332.3405
0.7271 1.4224 959.0522
0.8610 1.6606 910.6307
0.2408 0.7147 768.2633
0.2670 1.1433 796.3580
0.4730 0.0839 134.8119
0.0808 1.7062 927.3853
0.1511 1.9192 690.8143
0.6091 0.4373 905.1077
0.1489 1.4223 396.2161
0.5902 1.4890 691.7743
0.2171 0.2844 733.8573
0.7497 0.2258 169.4718
0.4297 0.4369 944.9582
0.8560 1.4885 108.0514
0.4491 0.2843 689.4270
0.0710 1.3435 553.7835
0.3848 1.4887 209.3057
0.4109 0.5567 965.5558
0.7340 1.1150 293.5252
0.4271 0.9860 143.8787
0.1137 1.1150 251.8565
0.9271 0.5570 461.6009
0.1751 1.4224 154.7472
0.5331 0.2261 543.2947
0.3849 0.5567 597.7763
0.7601 0.9857 663.1061
0.8107 0.0844 683.5821
0.8857 1.1147 840.3242
0.5789 0.8468 681.3427
0.9221 1.9361 676.9792
0.7269 0.2840 890.1772
0.6222 1.1430 837.0241
0.8312 0.0153 327.7890
0.1557 1.3078 794.8705
0.3221 1.1431 905.8677
0.6202 0.2258 37.0322
0.7611 1.9360 897.0835
0.3310 1.7342 615.8206
0.1721 0.8467 346.3043
0.2342 0.2258 452.1381
0.7868 1.2410 721.2623
0.4220 0.6005 581.2905
0.3091 0.2260 790.9614
0.7842 0.8466 687.4428
0.9167 1.3077 59.2071
0.8530 0.3636 651.4532
0.7661 1.1433 838.7190
0.8577 0.4368 256.4534
0.9599 0.4370 893.7110
0.5272 1.9193 448.1810
0.5592 0.0839 368.9072
0.2099 0.4371 869.2750
0.6192 1.9362 511.0978
0.1241 1.5379 109.9090
0.6191 1.4223 831.0917
0.9489 0.0844 754.0573
0.5432 1.6607 508.1140
0.1182 0.8990 600.7250
0.6400 0.3636 801.3893
0.3782 0.6005 934.4480
0.8549 0.8467 359.1725
0.5181 0.4369 124.8547
0.3619 0.9857 514.1672
0.1051 0.1546 471.0588
0.1347 1.1148 290.0310
0.2660 0.9855 167.8509
0.5480 1.0655 266.1343
0.1642 0.2840 85.3615
0.8638 1.3076 439.8030
0.9631 1.6607 167.8692
0.6272 1.4886 579.0567
0.7832 0.4373 885.5609
0.3430 0.3639 332.1171
0.7022 1.0653 377.8669
0.0870 1.2407 360.5032
0.5199 0.0158 28.9648
0.4652 0.8469 737.5768
0.7107 1.2409 321.9967
0.2797 0.1543 289.2676
0.1362 0.8990 725.4346
0.7900 0.4880 312.9443
0.4061 1.9362 42.7120
0.1752 1.4886 105.4211
0.7461 0.4879 991.3391
0.1361 0.9858 582.8820
0.5249 1.1147 375.7487
0.1167 0.8468 832.2192
0.4518 1.0654 144.9565
0.5147 0.2844 311.5248
0.8341 0.7617 791.7163
0.2380 1.7343 338.4750
0.4610 1.4889 663.6533
0.3548 0.7615 934.7416
0.7228 0.7613 436.4508
0.3449 1.2410 585.0833
0.2611 0.8466 855.2037
0.8920 1.2407 880.8915
0.8571 1.9360 786.1590
0.5038 0.5572 414.9790
0.8461 0.4880 212.8397
0.0380 1.3080 551.4703
0.3278 1.6606 379.2797
0.6600 0.4369 947.7998
0.5212 0.4879 813.7541
0.8201 1.9194 379.1489
0.1100 1.8137 321.3339
0.1768 0.0157 142.8486
0.9042 0.6006 915.6594
0.9050 1.5378 669.5854
0.7541 1.3432 155.1536
0.0000 0.0000 429.0233
0.0711 1.1435 28.4280
0.4470 0.8987 939.8589
0.1730 0.7148 406.2958
0.7617 1.4885 731.3329
0.4890 0.4878 177.1726
0.3211 1.1147 121.9055
0.7530 1.8138 488.3503
0.1299 1.4890 798.2537
0.2129 1.8138 748.2956
0.2921 0.2842 697.8423
0.1098 1.9190 198.4411
0.4212 1.1149 662.4699
0.2728 1.2411 32.2847
0.0389 1.4225 413.3290
0.7620 0.0153 300.8203
1.0000 0.0000 200.8204
0.8250 1.7342 631.8414
0.1482 0.1541 175.9945
0.8299 0.1542 876.2316
0.2700 1.0657 128.8699
0.0457 0.3637 405.8738
0.5627 0.9858 411.4805
0.8912 0.8990 554.0788
0.1197 1.7063 144.6357
0.5679 1.9191 311.7609
0.6307 0.1545 369.3817
0.0961 0.2262 551.0540
0.8908 1.0655 642.7297
0.3559 0.4370 553.2304
0.2799 1.9194 321.1144
0.4888 1.9192 951.6736
0.6122 1.7340 210.0285
0.3137 1.3078 464.7134
0.6911 1.9189 182.2605
0.5519 1.2409 600.4701
0.9238 1.7341 160.9969
0.2107 1.9189 595.9410
0.1668 0.3641 172.6449
0.9028 1.4888 874.0167
0.6507 1.1430 998.3391
0.6177 0.8989 465.8135
0.2040 1.2408 566.2284
0.1522 0.6003 402.4981
0.7890 0.2260 299.7687
0.9279 0.6006 685.3366
0.7599 0.7617 634.0252
0.2052 0.8990 134.0876
0.0360 0.8464 744.7509
0.9041 1.9191 682.6502
0.5382 1.1431 41.4098
0.4779 0.1546 489.4116
0.9288 0.2845 375.2671
0.9622 0.8985 334.1471
0.4300 0.4879 386.8461
0.4888 1.6602 813.0593
0.2859 1.9360 504.5314
0.3758 0.0158 294.8903
0.6027 0.1544 44.4303
0.1880 1.3432 247.0621
0.6822 1.2410 766.8161
0.4301 0.2263 31.4021
0.9040 0.0839 358.3090
0.2978 0.0153 850.8462
0.7147 0.6002 55.5780
0.5678 0.7146 386.1462
0.2467 1.8137 912.0238
0.2627 1.4890 722.4224
0.4628 1.8137 50.1851
0.9232 0.7614 192.9457
0.2932 1.1148 346.6940
0.9421 1.8135 424.6459
0.3052 1.7340 474.6424
0.3917 1.5379 586.6453
0.5140 0.3640 195.6417
0.5458 0.5570 628.9399
0.9182 1.2408 314.8650
0.8612 0.7616 794.3506
0.0888 0.9858 356.5735
0.0467 0.7615 578.1374
0.2151 0.7146 895.7228
0.6591 1.4885 251.9307
0.7030 0.3636 288.4726
0.5610 0.8985 191.4602
0.0447 0.7148 301.9379
0.7547 0.8986 306.8481
0.5808 1.1145 837.9555
0.4831 0.9856 173.9300
0.7702 1.9189 380.3210
0.6817 0.8465 181.3891
0.8358 1.4890 363.7427
0.2291 1.0658 708.0171
0.9180 1.9193 213.1134
0.1610 0.7614 500.2262
0.6277 1.3434 771.8186
0.6348 0.6004 182.8389
0.6038 1.7058 750.6074
0.2452 0.2259 957.8581
0.6242 0.5569 351.2095
0.5731 0.7616 842.6066
0.5152 0.7144 299.8274
0.2102 0.4881 332.5230
0.7741 0.5571 484.4728
0.3260 1.4890 544.0092
0.6308 0.0842 398.0438
0.4110 0.2845 38.1585
0.6378 0.9855 761.0884
0.3891 1.3078 420.9850
0.2649 1.7059 26.0855
0.0827 0.5570 943.8605
0.5217 0.0841 142.8722
0.6177 1.5381 105.0560
0.4762 0.7616 996.4104
0.6798 0.0841 504.5853
0.3432 0.5568 33.8693
0.4178 1.4890 728.6169
0.2909 0.3637 412.3011
0.9150 0.3640 21.8236
0.1492 0.0153 274.7212
0.0997 0.0842 42.9330
0.3492 1.8133 377.3962
0.9227 1.6604 527.7753
0.8519 0.9859 6.3233
0.6918 1.6606 513.6481
0.3042 1.1435 187.3198
0.0551 0.2844 836.6755
0.8949 1.3432 409.1252
0.6597 1.8134 83.4666
0.2639 0.7617 898.4505
0.6651 1.1145 423.7762
0.3919 0.7613 776.6861
0.3678 0.0843 98.2789
0.0409 0.1546 878.3942
0.0511 1.6603 164.4510
0.2522 1.5376 406.8827
0.2291 0.0844 328.4876
0.3041 0.2840 56.5622
0.0807 1.9193 941.0172
0.0401 0.2259 168.4269
0.8102 1.5377 107.6421
401 238
189 348
351 325
361 205
467 114
358 34
188 417
356 91
72 161
300 239
281 154
301 424
343 346
14 163
475 235
238 45
23 396
79 140
138 483
40 463
361 486
402 313
492 387
377 320
268 366
419 38
41 171
157 395
151 497
434 155
332 300
397 111
361 234
139 291
330 337
263 334
492 190
261 9
76 443
154 435
380 222
134 148
43 125
469 140
416 307
229 429
134 278
455 225
391 398
218 134
149 36
9 293
234 426
438 430
323 69
321 260
67 129
313 444
15 282
418 62
261 293
290 412
223 52
498 372
377 430
211 266
134 361
308 337
86 52
188 71
476 375
495 73
438 207
483 338
169 216
352 103
500 147
362 82
116 46
3 43
159 135
234 187
333 375
300 303
73 142
475 275
419 496
166 21
23 126
214 238
302 8
363 279
374 126
105 12
295 377
364 234
11 430
348 130
130 185
194 17
482 359
289 346
477 323
405 262
484 55
23 374
210 153
468 266
378 111
468 136
29 135
90 231
27 350
171 396
128 41
38 94
145 379
405 169
387 190
252 111
178 206
26 88
99 412
57 445
247 51
1 290
222 255
486 499
256 248
394 266
23 212
346 178
29 434
328 161
32 322
11 406
28 283
240 329
222 471
55 304
52 166
451 217
95 91
497 143
73 55
27 377
103 256
348 449
227 185
388 499
474 130
195 457
377 397
346 43
113 291
442 321
311 446
417 392
249 168
132 50
182 76
92 186
467 221
184 134
367 411
46 281
441 125
27 298
490 134
327 460
447 134
433 427
49 186
414 67
201 397
448 148
290 99
177 277
336 134
48 234
118 258
386 239
87 207
477 265
350 353
307 52
193 224
66 112
480 188
272 334
46 258
21 195
296 413
27 322
303 287
55 195
350 331
398 427
41 211
151 92
177 191
445 489
58 66
163 462
73 245
182 191
472 365
394 468
334 69
216 101
467 181
327 344
391 219
22 83
238 82
282 447
383 402
106 456
41 284
53 31
263 390
245 18
47 279
481 427
400 359
467 204
484 195
160 198
433 341
133 466
366 354
459 179
258 353
187 340
134 367
429 393
367 124
263 8
277 226
11 109
150 215
238 117
239 355
420 35
405 222
320 482
280 28
461 426
171 284
3 178
132 485
39 52
484 142
224 417
255 471
342 73
377 199
15 411
109 33
152 110
97 488
83 375
445 454
358 272
352 93
112 72
340 207
9 387
477 466
474 326
377 16
96 308
15 367
403 127
350 272
89 8
428 223
176 240
381 483
417 78
300 386
372 257
86 31
98 377
384 88
205 96
162 387
361 145
203 182
495 142
408 335
301 222
154 443
423 306
415 475
111 482
326 277
282 401
1 94
29 111
174 327
54 222
490 120
334 331
5 228
426 344
134 448
367 431
319 360
281 435
437 58
188 209
310 470
29 142
304 52
146 134
256 341
91 257
218 61
23 403
230 478
143 133
128 278
205 409
423 183
79 416
405 56
292 232
249 362
6 368
251 84
130 465
79 52
90 159
283 306
47 363
461 137
450 64
396 128
18 495
151 302
15 238
42 217
387 274
398 356
337 289
455 66
280 98
247 194
432 239
372 78
46 152
490 297
423 283
234 243
179 463
55 342
453 239
45 214
216 191
273 245
420 266
327 47
422 371
75 43
115 32
103 52
70 247
208 207
68 401
305 264
327 37
153 215
300 287
449 355
460 137
210 136
32 296
95 361
55 267
188 38
112 360
220 324
134 12
44 474
450 340
389 26
368 159
325 23
9 371
359 500
35 215
149 334
218 114
11 377
18 434
304 428
303 130
138 61
85 29
232 14
387 209
64 340
76 203
33 235
19 199
10 103
461 234
445 125
427 370
125 491
365 35
194 35
129 467
328 113
252 359
181 383
248 288
265 339
145 493
35 266
310 292
219 427
260 51
217 150
361 470
71 209
499 361
441 234
128 12
12 23
192 110
267 304
147 236
301 418
328 421
456 109
267 464
219 429
234 137
45 168
129 61
182 115
149 34
497 399
108 111
398 257
50 238
156 238
347 113
387 180
163 246
361 440
346 330
112 251
182 281
21 457
405 54
162 274
483 220
437 295
382 151
272 331
3 206
135 142
490 68
154 76
245 375
6 393
212 396
347 437
232 163
156 184
156 144
466 265
339 323
354 436
256 86
404 48
433 288
489 343
198 48
18 273
215 42
430 67
379 499
261 371
6 90
33 475
316 233
328 291
447 401
334 312
321 434
88 414
78 188
228 279
93 469
115 413
52 494
135 378
192 258
31 52
75 327
419 458
35 153
392 239
351 127
315 132
134 2
435 118
92 246
390 8
241 33
308 330
8 459
422 162
291 100
239 395
396 284
500 400
132 254
481 433
385 352
88 377
172 74
360 295
193 239
490 117
395 348
120 68
422 387
271 254
38 1
166 307
29 236
284 351
498 30
439 330
498 78
421 210
445 234
498 91
48 160
133 180
258 312
426 340
150 305
158 404
415 241
224 392
33 268
253 125
2 408
145 188
221 181
222 169
480 99
282 336
113 377
241 456
152 116
446 221
202 400
26 199
442 51
343 491
40 358
450 444
439 96
377 306
77 440
81 473
46 192
296 478
331 353
459 436
65 350
444 316
256 31
431 144
247 266
107 278
305 215
368 488
400 16
348 376
55 476
421 41
52 22
445 123
78 30
108 320
234 123
19 338
6 119
82 168
100 347
269 146
181 294
400 251
167 243
266 136
360 102
207 14
322 65
421 136
449 239
191 277
301 380
411 238
110 258
496 387
36 358
124 238
222 190
64 402
11 358
276 218
126 345
33 11
294 438
121 360
477 339
322 298
107 134
380 191
202 377
172 393
78 391
470 404
477 69
234 158
490 23
348 287
376 244
448 402
326 44
85 194
369 333
470 198
62 332
262 60
59 373
44 177
416 52
426 407
36 463
378 193
51 273
189 449
361 375
376 283
100 58
432 377
37 47
157 386
310 48
211 394
466 143
301 130
215 161
64 444
231 457
256 53
481 248
238 325
106 87
163 49
64 181
217 147
173 32
79 39
447 68
139 161
348 226
48 207
397 108
252 482
481 229
29 63
386 348
225 112
67 438
460 167
152 101
170 341
448 383
29 141
104 388
390 477
62 301
497 133
2 206
266 375
272 377
210 161
55 21
336 122
185 418
394 41
98 306
359 16
340 279
249 361
231 21
197 379
134 335
47 407
361 351
46 435
183 191
24 88
361 382
440 445
268 275
80 174
8 250
354 8
150 42
335 439
361 256
371 382
237 199
268 415
129 218
217 63
270 402
194 155
480 94
109 430
59 122
35 42
40 179
286 60
141 18
70 194
290 458
61 276
380 177
343 43
15 373
92 366
109 106
438 87
106 430
128 113
451 150
360 251
43 178
254 168
127 23
90 140
184 431
403 374
368 97
422 9
400 84
83 52
330 408
24 237
160 404
380 465
487 102
204 134
495 245
88 389
385 393
203 115
348 196
23 13
340 407
459 354
6 488
129 311
260 434
93 393
54 190
152 216
244 283
352 52
339 56
230 413
375 22
309 443
180 497
460 426
327 407
20 128
293 387
411 124
266 51
122 15
139 225
238 254
140 39
316 206
320 359
286 339
216 182
444 5
159 193
239 189
172 481
292 48
259 375
284 212
319 295
189 395
354 349
119 393
155 29
472 63
298 478
242 48
378 397
158 470
39 93
29 359
120 447
340 294
279 407
225 161
63 236
462 49
425 456
238 285
274 180
176 290
409 308
40 33
58 319
125 473
37 206
238 23
351 126
289 454
97 429
315 271
164 444
473 253
215 72
61 67
285 485
215 112
138 276
353 118
176 388
27 272
175 199
146 12
167 81
377 453
10 256
483 324
424 62
159 378
266 259
315 134
280 348
208 456
104 176
148 270
410 280
492 209
20 278
339 262
170 256
491 43
304 166
75 473
487 213
377 437
363 37
25 327
128 105
50 285
285 132
377 280
428 375
101 405
480 412
431 156
102 121
11 40
443 353
57 489
134 168
97 417
243 460
288 256
238 485
479 301
361 445
85 155
188 190
20 134
469 393
471 301
481 74
208 87
15 59
477 143
75 125
369 375
87 456
487 295
424 417
192 152
399 151
173 203
250 366
361 494
477 263
474 380
298 299
83 369
105 23
1 458
361 498
318 388
124 431
460 473
1 412
80 426
112 305
479 357
49 241
380 169
65 353
34 36
17 472
299 478
494 256
188 471
17 85
23 345
426 187
214 82
206 25
253 234
318 104
68 238
170 95
77 445
342 476
25 3
297 117
226 326
134 200
188 30
275 415
371 151
346 57
238 282
219 229
371 274
147 451
297 238
444 233
227 300
486 382
264 451
296 115
95 256
134 271
355 348
393 7
6 159
199 381
97 78
129 446
13 345
199 317
134 96
289 440
121 487
187 242
464 4
48 232
199 452
134 206
495 141
342 245
161 421
207 232
257 78
102 84
311 67
97 219
250 151
263 69
320 111
384 67
177 326
113 278
135 111
134 138
7 429
357 424
173 322
452 381
212 13
428 4
40 459
470 165
388 486
327 80
382 104
389 199
296 298
134 132
216 116
463 149
32 203
231 166
199 324
425 241
340 48
384 414
7 97
199 113
452 278
188 255
61 384
254 45
1 419
391 427
454 57
261 104
410 355
188 301
52 369
89 477
493 314
387 286
112 400
375 223
409 440
323 312
10 52
342 375
176 329
92 165
341 370
452 107
322 350
365 42
244 183
353 309
457 484
483 175
131 486
351 13
237 88
102 213
288 481
25 37
41 468
258 334
408 346
329 480
424 332
219 78
84 360
420 210
87 430
261 458
147 400
117 68
60 387
323 258
439 408
191 244
269 134
499 329
16 320
92 49
172 256
484 73
161 153
164 5
378 239
147 29
14 208
273 260
121 295
139 58
417 357
29 500
100 139
242 234
338 199
294 221
493 499
228 363
380 44
272 406
196 277
420 136
371 162
165 163
461 460
481 219
39 352
377 67
315 254
110 323
280 283
217 472
65 443
182 413
420 153
442 194
264 112
41 136
408 178
387 54
261 382
81 460
143 302
95 370
250 354
114 134
437 113
377 213
266 284
168 362
353 334
470 292
36 40
339 110
69 312
361 409
439 134
268 349
146 23
372 91
237 389
467 446
40 349
144 238
243 137
199 220
380 216
173 65
197 145
144 124
480 1
27 299
107 483
361 168
140 307
398 370
92 250
457 135
473 327
131 318
273 266
18 260
270 313
324 237
321 51
70 266
465 474
3 75
134 276
239 410
373 200
286 466
436 349
432 453
163 208
390 89
417 300
244 423
385 256
233 313
479 417
360 66
345 351
90 307
188 492
437 319
337 409
226 196
52 333
309 154
29 472
39 469
408 206
470 232
50 184
23 297
364 125
185 332
290 261
328 139
145 480
269 23
240 480
16 202
270 134
231 159
281 116
434 141
80 344
387 71
175 338
66 139
286 180
22 361
464 304
53 494
140 416
99 240
197 329
233 134
142 457
120 134
286 133
436 40
318 382
384 483
273 259
175 381
179 149
363 206
445 343
317 19
168 271
81 253
118 309
255 190
377 201
267 375
234 167
419 387
158 48
145 314
357 301
266 361
12 20
64 294
348 300
15 336
204 383
98 28
108 201
410 453
351 238
119 7
373 134
155 321
110 101
34 272
377 183
157 348
131 388
34 334
319 66
96 361
197 499
425 33
41 113
154 118
75 25
399 302
61 483
450 164
286 265
186 415
50 156
140 6
245 259
358 406
339 405
364 441
246 165
377 182
125 123
92 382
289 77
134 122
101 56
228 316
351 212
397 239
393 229
283 348
193 392
497 274
455 112
246 462
8 149
361 238
377 230
4 304
332 417
293 458
421 113
277 244
310 198
316 5
97 224
223 333
78 398
58 347
143 89
220 317
268 40
244 196
496 71
92 361
457 159
92 462
320 201
397 432
447 336
249 238
163 470
134 431
202 84
351 374
361 52
188 479
460 174
278 199
351 266
405 387
377 406
284 211
362 238
301 465
483 19
346 454
24 324
254 485
127 325
169 101
52 53
186 241
160 470
326 348
217 365
52 428
340 438
91 361
256 352
110 56
377 413
32 298
361 165
435 258
203 443
193 368
377 26
443 173
95 356
4 375
388 329
287 130
239 157
230 299
228 206
361 30
164 340
250 302
311 438
384 24
141 142
235 241
441 253
356 370
130 418
241 163
225 72
24 483
114 129
205 308
377 487
176 261
21 304
355 280
229 172
337 440
317 483
383 134
442 155
35 70
188 496
93 385
392 300
200 15
107 138
247 442
314 379
367 200
257 356
280 453
375 464
497 371
29 252
387 458
361 188
490 269
264 400
316 134
393 256
94 188
451 305
489 346
407 344
427 341
81 234
242 340
217 236
445 491
194 472
5 279
139 455
370 170
183 306
387 262
366 415
181 204
396 105
467 134
452 483
97 119
377 299
216 281
377 414
164 279
496 38
202 213
402 444
478 413
402 148
415 235
499 314
311 294
330 289
425 109
364 123
29 17
221 311
77 454
214 168
102 202
149 459
131 382
183 182
154 182
28 306
193 97
402 181
89 302
263 149
59 134
403 351
303 227
267 476
313 134
90 166
227 130
33 275
60 339
256 433
415 92
329 145
174 426
256 74
147 264
96 330
326 130
119 488
469 6
208 241
185 300
132 184
354 268
248 74
335 2
176 99
470 234
10 86
376 196
418 332
399 143
194 365
361 493
171 128
113 100
