485 726 7 182 158
376.9830 504.2107
0.2724 1.8182 506.8602
0.4548 1.4545 683.5950
0.4773 0.7273 550.2052
0.2725 1.9091 107.3910
0.4318 1.0000 243.1850
0.2501 1.4545 783.6176
0.2274 0.4545 725.1614
0.1137 0.3636 880.9560
0.0454 0.2727 652.2554
0.0680 1.7273 146.7651
0.2497 0.8182 766.3602
0.2501 1.0909 272.9138
0.2500 1.5455 365.6939
0.1364 0.6364 431.7051
0.3634 1.0000 6.6952
0.2045 0.4545 66.0808
0.4776 0.5455 913.4136
0.4089 1.9091 820.9227
0.0679 1.2727 557.0426
0.3633 1.1818 933.8775
0.4771 0.4545 861.1586
0.3182 1.8182 534.2579
0.0911 0.5455 801.2182
0.1367 0.1818 720.1313
0.4773 0.3636 749.0039
0.3183 0.9091 598.9272
0.2272 0.7273 429.7920
0.4089 1.7273 484.6546
0.2956 1.8182 823.0078
0.4999 1.6364 601.7604
0.0225 0.5455 540.4433
0.2270 1.6364 7.6849
0.2726 0.9091 444.6497
0.3184 1.2727 977.3366
0.0225 1.2727 531.7796
0.0453 0.1818 488.6033
0.3636 0.0909 21.2601
0.4544 0.2727 131.0805
0.2726 0.3636 937.5795
0.0909 0.0000 34.6793
0.4774 0.0909 19.2016
0.5001 0.9091 585.6228
0.5001 1.0909 574.6652
0.1364 0.0909 569.8886
0.4545 1.8182 246.8616
0.4089 0.9091 970.0278
0.1588 1.8182 735.0538
0.2275 1.0909 476.1420
0.0683 1.4545 787.6225
0.3863 1.5455 197.8510
0.2725 1.1818 874.0618
0.2957 1.5455 866.9939
0.1815 0.4545 590.6990
0.4997 0.0000 333.4752
0.0684 0.1818 486.9060
0.3182 1.9091 873.5151
0.0456 0.4545 21.7369
0.3183 1.4545 518.4048
0.2270 1.8182 323.6009
0.2276 1.1818 428.4929
0.1137 0.7273 371.2611
0.2954 0.8182 42.1011
0.2273 1.3636 173.5780
0.3863 0.1818 606.5100
0.3865 1.2727 743.0802
0.3406 1.5455 714.3367
0.0908 0.4545 397.4738
0.4320 0.6364 257.9550
0.1819 0.7273 393.2443
0.0911 0.7273 930.3348
0.4773 1.7273 811.0152
0.0457 1.3636 180.7545
0.1816 1.9091 7.4825
0.2500 0.4545 910.7284
0.2729 0.6364 13.9082
0.1817 1.8182 46.4788
0.1590 1.1818 1.2184
0.0225 0.7273 271.8790
0.1134 1.0000 659.7033
0.4092 1.5455 986.3661
0.4773 0.8182 760.0408
0.0912 1.8182 555.9333
0.1588 1.3636 924.0228
0.0679 1.9091 139.5259
0.4316 0.7273 449.4465
0.1138 1.4545 100.8202
0.2270 0.5455 936.8701
0.4321 0.1818 560.8052
0.2044 1.0000 355.2583
0.2498 0.5455 435.3347
0.1594 1.0000 170.0031
0.2955 1.4545 985.9964
0.3411 0.1818 54.6030
0.4771 1.6364 614.1603
0.1365 1.4545 960.0052
0.4315 1.3636 150.3502
0.4998 0.7273 158.2589
0.0685 0.3636 921.8199
0.3409 0.5455 528.6267
0.4094 0.4545 912.4608
0.5000 1.3636 784.9317
0.1593 0.4545 462.8414
0.4774 0.9091 219.8293
0.5001 1.1818 505.2411
0.1139 0.8182 93.7806
0.4545 1.2727 133.7448
0.1138 1.5455 318.2463
0.5003 1.7273 311.8056
0.3864 1.3636 693.6933
0.0454 1.7273 314.5348
0.2272 0.0909 649.6314
0.2957 1.0000 675.8071
0.2502 1.3636 531.4244
0.0228 1.8182 710.1702
0.2045 1.6364 211.6304
0.1589 0.8182 607.4763
0.1139 1.9091 384.2686
0.2954 1.9091 907.5527
0.4546 1.0000 769.9261
0.0912 1.7273 798.8648
0.3636 1.9091 833.1620
0.5001 1.0000 188.1459
0.2275 0.1818 222.6216
0.0229 1.9091 884.3929
0.1815 0.5455 312.0142
0.3184 1.0000 868.0997
0.4772 1.0000 840.7715
0.1365 1.0909 536.3425
0.2727 0.2727 603.2259
0.2273 0.0000 246.5250
0.1133 0.0909 234.5027
0.1365 1.0000 771.2680
0.2047 1.7273 837.2357
0.4317 1.1818 779.0542
0.4090 1.3636 207.2975
0.3181 0.2727 882.2747
0.1816 1.7273 305.0971
0.4316 1.5455 88.0363
0.0455 0.0909 936.5302
0.4547 1.6364 173.2478
0.3410 1.0000 555.7716
0.3408 0.4545 987.5443
0.2499 0.1818 371.3213
0.3638 0.2727 568.2063
0.4317 1.9091 85.3027
0.2044 0.2727 91.1596
0.0906 1.4545 650.6893
0.3639 1.8182 360.9326
0.1821 1.0000 352.4053
0.0679 0.6364 70.1969
0.0230 0.3636 174.8761
0.1589 0.9091 520.7674
0.3636 0.5455 204.0755
0.1362 0.9091 459.6441
0.1135 1.0909 123.5873
0.3408 0.0909 231.4887
0.5001 0.5455 537.2759
0.3864 1.0000 760.9673
0.0455 1.5455 787.3255
0.1136 0.1818 618.8520
0.2958 0.0000 628.8431
0.0906 1.1818 369.6942
0.2042 1.1818 445.0132
0.2045 0.1818 662.8916
0.1134 1.6364 965.1556
0.0454 0.8182 842.4403
0.4544 0.0000 869.3826
0.0458 0.5455 635.7704
0.3866 1.8182 970.0297
0.2270 1.7273 915.0137
0.1594 1.9091 461.1962
0.1592 0.3636 422.1998
0.2042 1.9091 271.5827
0.3409 1.6364 256.8192
0.3412 0.2727 198.0373
0.1591 0.7273 70.7470
0.1593 0.6364 82.8393
0.0682 1.6364 364.8147
0.4542 1.1818 73.2973
0.3867 0.6364 7.5884
0.3635 1.0909 902.9986
0.3862 0.9091 217.3363
0.1821 0.2727 691.0679
0.3634 1.5455 154.3826
0.1138 1.3636 453.7583
0.2954 0.7273 41.3537
0.4319 0.4545 431.4999
0.0229 0.0909 897.1632
0.4091 1.8182 354.5184
0.2043 0.3636 858.3481
0.4316 1.6364 653.2653
0.1589 1.6364 454.4553
0.2046 1.4545 75.8253
0.0908 0.8182 392.0746
0.0908 0.3636 701.3152
0.1589 1.2727 857.3439
0.0682 0.5455 99.9027
0.0456 1.9091 966.5343
0.4542 0.9091 296.8630
0.1821 0.3636 481.3131
0.1591 1.7273 599.1677
0.2952 0.1818 15.2147
0.0224 1.4545 375.3580
0.3409 1.0909 969.2231
0.2048 1.0909 6.2181
0.3863 0.2727 145.7144
0.4094 0.5455 451.7303
0.4320 1.8182 680.9299
0.2047 0.8182 301.6835
0.0224 0.1818 892.3573
0.2499 0.3636 675.9827
0.3864 0.5455 793.2606
0.4088 1.1818 822.2665
0.3412 1.8182 17.7557
0.1134 1.2727 235.7671
0.1139 1.8182 898.0159
0.2272 0.8182 81.5734
0.4770 1.5455 853.4756
0.5002 0.2727 383.8107
0.1139 0.4545 21.9842
0.1593 0.1818 760.4822
0.3862 0.4545 89.5601
0.3867 0.0000 601.2067
0.5000 0.1818 506.0312
0.0906 0.0909 92.8645
0.0227 0.0000 545.7382
0.3407 0.6364 193.0235
0.2272 1.4545 973.8806
0.0455 1.2727 553.7388
0.2724 1.2727 530.0472
0.2724 1.4545 343.4580
0.4774 1.1818 424.4159
0.2725 0.8182 393.0719
0.0909 0.1818 106.2389
0.1820 1.6364 897.1584
0.0912 1.0000 22.8960
0.3185 1.0909 381.0637
0.3634 1.2727 802.6645
0.3183 0.7273 211.6345
0.4770 0.6364 511.2789
0.1819 1.0909 538.1024
0.1589 1.0909 615.6387
0.5000 0.6364 283.8055
0.2955 1.1818 144.1671
0.3185 1.5455 436.3395
0.4093 0.8182 922.5113
0.2273 1.5455 941.6133
0.1593 1.5455 888.8206
0.2728 1.0909 663.3162
0.4091 0.2727 848.6473
0.4997 0.4545 590.4704
0.4773 0.1818 546.9576
0.4316 1.7273 258.8349
0.2954 0.2727 39.6975
0.4775 1.2727 256.4662
0.2272 0.6364 945.2034
0.4546 1.9091 384.7067
0.2043 1.3636 671.9802
0.0456 0.9091 737.2438
0.4315 1.4545 237.0585
0.0458 1.4545 717.8170
0.3183 0.1818 609.1457
0.3179 1.3636 443.1863
0.0680 0.4545 301.0434
0.0227 0.9091 725.3644
0.4998 0.0909 367.0861
0.4546 1.5455 73.2172
0.4321 0.0909 868.4381
0.2046 0.5455 665.1068
0.3867 1.1818 84.5658
0.3411 0.3636 225.7974
0.0909 1.2727 750.8731
0.0456 1.0000 837.3952
0.3185 0.8182 32.9856
0.1816 1.5455 358.2779
0.4315 0.8182 19.6673
0.3634 1.4545 266.3482
0.0455 0.3636 612.4022
0.0911 1.3636 565.8958
0.4091 0.0909 248.7513
0.0456 0.6364 324.6399
0.0230 0.2727 966.4022
0.3179 0.4545 48.6855
0.4091 0.0000 106.3171
0.0910 0.2727 365.9912
0.0226 0.6364 549.8918
0.1821 0.9091 255.6444
0.3865 0.3636 377.6756
0.4546 0.3636 943.1851
0.2954 0.6364 589.9192
0.4548 0.7273 758.6371
0.0912 1.9091 986.7817
0.2728 1.3636 698.4486
0.0685 1.3636 254.9428
0.1365 0.7273 991.3915
0.4545 0.8182 80.2916
0.2043 1.5455 935.7741
0.1136 0.2727 219.4357
0.0679 0.0909 63.8740
0.4320 1.2727 638.3189
0.1819 1.1818 216.3999
0.3866 1.0909 28.4556
0.1363 1.8182 317.1283
0.4770 1.3636 259.9154
0.3863 0.8182 93.0801
0.3637 0.6364 438.7384
0.1136 1.1818 997.5511
0.3411 1.7273 134.5584
0.5002 1.5455 520.8483
0.3636 0.7273 281.1535
0.2043 0.9091 196.5227
0.2954 0.9091 244.3818
0.1588 1.4545 46.2236
0.2503 0.0000 923.2679
0.2724 0.0000 345.3923
0.2958 1.0909 169.8418
0.1817 0.6364 55.2340
0.3408 0.7273 350.7853
0.2503 1.0000 556.0366
0.3411 1.2727 49.6470
0.3407 1.3636 410.9082
0.4316 0.5455 245.9053
0.2498 0.9091 147.5578
0.0225 1.0909 861.3750
0.1138 0.9091 373.0971
0.5002 0.3636 377.5828
0.1133 0.0000 242.5427
0.4092 1.0909 400.1153
0.1367 1.1818 548.3104
0.0679 0.2727 406.3679
0.2726 1.5455 709.1447
0.4318 0.9091 21.0415
0.2503 0.7273 449.6924
0.4319 0.3636 212.4254
0.3179 0.6364 392.6200
0.3406 0.8182 131.6209
0.3637 0.9091 578.1592
0.0912 1.5455 835.4543
0.0458 0.0000 36.0605
0.3639 0.4545 984.6541
0.2498 1.7273 29.5294
0.2953 1.2727 508.1986
0.1817 0.1818 348.0576
0.1367 1.3636 152.1854
0.2726 0.0909 774.4186
0.3638 1.3636 858.8307
0.4088 0.3636 570.7394
0.0685 1.0909 550.9203
0.0229 1.5455 177.0760
0.2273 1.0000 517.9991
0.4772 1.0909 795.3731
0.3861 1.4545 843.5135
0.0230 1.7273 759.8582
0.1817 1.2727 670.7347
0.2729 0.5455 604.4581
0.4545 0.4545 988.2729
0.0909 0.6364 928.9659
0.4319 1.0909 574.8909
0.1815 0.0909 496.9371
0.2499 0.0909 207.4390
0.3864 1.7273 570.9107
0.2043 1.2727 925.1761
0.2724 1.7273 514.7884
0.4090 1.4545 451.7941
0.3407 1.1818 869.5258
0.0453 1.1818 177.4907
0.0229 0.4545 903.6283
0.2958 0.4545 279.3891
0.1820 1.3636 655.7219
0.3863 0.7273 212.3201
0.4090 1.6364 631.8689
0.2727 1.6364 291.0869
0.4773 0.2727 826.3280
0.3407 1.4545 772.0733
0.3635 0.1818 848.7156
0.4999 0.8182 456.7443
0.2047 1.8182 520.0489
0.0679 1.8182 167.4152
0.0907 1.6364 758.6378
0.2729 1.0000 793.2657
0.2727 0.1818 742.2271
0.4773 1.9091 929.2611
0.4542 0.1818 223.5036
0.1818 0.0000 312.1416
0.5003 1.8182 285.7380
0.2952 0.0909 905.4462
0.2952 1.6364 436.2870
0.3181 1.1818 149.0967
0.0225 1.6364 169.7695
0.2730 0.4545 342.0239
0.3409 0.9091 814.7225
0.4546 1.7273 74.7850
0.2501 1.1818 468.5983
0.0453 1.0909 265.5374
0.2273 0.2727 995.1383
0.1594 0.2727 576.3916
0.2957 1.7273 525.1528
0.2275 0.3636 149.5008
0.5003 1.2727 590.1621
0.1590 0.0000 389.4175
0.3634 1.7273 183.4185
0.1363 0.5455 283.6014
0.4543 0.0909 165.4678
0.4773 1.8182 331.8291
0.2500 1.6364 913.7887
0.3865 0.0909 885.0493
0.0685 0.0000 351.2488
0.2275 0.9091 754.2689
0.2045 0.7273 347.7995
0.4319 0.0000 850.2180
0.3867 1.9091 34.7174
0.2497 1.9091 535.7866
0.1365 1.2727 171.5057
0.4090 0.1818 183.8590
0.2498 0.6364 291.7138
0.3408 0.0000 685.2915
0.4774 0.0000 58.1597
0.0679 1.1818 150.9572
0.0000 0.0000 799.2396
0.1361 1.7273 687.4151
0.1592 0.5455 831.1362
0.1364 1.9091 45.4437
0.1363 0.4545 587.7393
0.0225 1.3636 945.5780
0.3637 1.6364 582.2571
0.2046 0.6364 445.6710
0.3633 0.0000 321.2385
0.1366 0.8182 739.2510
0.1135 0.5455 23.8325
0.3862 1.6364 129.8435
0.2270 1.2727 995.8363
0.1361 0.2727 445.8298
0.3181 1.7273 52.4025
0.2043 0.0909 879.1812
0.0454 1.6364 677.5276
0.0228 0.8182 333.2949
0.0911 1.0909 179.9431
0.2956 1.3636 23.3899
0.4093 1.2727 177.7091
0.2501 0.2727 952.5422
0.2727 0.7273 534.6047
0.3179 0.0000 193.9259
0.1137 0.6364 556.3850
0.3180 0.0909 386.7084
0.0229 1.0000 337.1121
0.1361 1.6364 354.3386
0.1820 0.8182 79.9630
0.0682 0.8182 539.9513
0.4090 0.6364 486.8166
0.0685 1.5455 915.7250
0.0454 0.7273 676.4254
0.3183 1.6364 5.2067
0.3179 0.5455 33.9558
0.0685 1.0000 291.6639
0.1361 0.3636 436.5573
0.0230 1.1818 906.9659
0.1589 0.0909 965.6498
0.4543 0.6364 741.9957
0.1816 1.4545 693.9168
0.2498 1.8182 884.2599
0.5000 1.9091 1.3184
0.2499 1.2727 29.2539
0.1362 1.5455 898.2077
0.3635 0.8182 979.2321
0.4773 1.4545 609.0883
0.4094 1.0000 539.0306
0.1135 1.7273 682.1352
0.4091 0.7273 149.1446
0.0682 0.9091 983.8704
0.4321 0.2727 106.9006
0.2957 0.3636 46.0712
0.3407 1.9091 731.4025
0.4544 1.3636 293.3935
0.4548 1.0909 622.8168
0.3635 0.3636 960.3895
0.0906 0.9091 111.2935
0.4542 0.5455 555.4196
0.1362 0.0000 197.7252
0.0681 0.7273 804.1862
0.2270 1.9091 608.2317
0.3182 0.3636 459.6851
0.4998 1.4545 14.2524
0.2043 0.0000 55.5677
0.0453 1.8182 193.9563
0.2953 0.5455 643.3727
114 124
163 301
428 116
170 32
61 105
266 417
231 13
149 311
330 55
205 301
400 384
122 127
201 137
191 253
359 384
255 304
390 211
294 19
328 270
325 476
284 410
397 387
54 417
132 91
79 476
383 470
360 315
29 4
305 310
103 199
24 432
483 130
173 377
168 281
375 206
188 419
469 476
172 102
425 401
445 273
19 279
174 308
214 148
194 105
439 96
44 478
90 355
308 433
7 398
367 151
403 167
90 75
158 466
141 15
99 227
164 123
346 320
341 372
261 159
143 123
292 216
22 214
454 273
25 21
30 94
250 470
158 337
468 370
399 255
276 85
186 62
350 408
480 460
241 77
313 248
277 50
49 450
248 463
438 342
116 447
31 281
255 106
149 287
364 80
11 233
291 296
387 433
163 48
144 375
468 85
408 311
471 283
116 69
303 422
357 443
268 167
414 64
233 186
436 78
354 83
114 419
276 291
59 377
463 313
281 150
376 97
183 343
298 285
443 14
320 321
360 345
172 53
8 220
268 403
370 305
419 324
480 377
208 45
456 366
342 230
484 114
365 204
396 221
343 164
480 59
400 44
441 11
208 18
195 8
253 392
309 482
269 426
277 184
389 435
101 255
9 282
340 222
373 252
180 207
379 178
376 3
347 100
106 300
315 386
419 436
195 98
290 485
336 274
110 178
143 381
28 191
32 341
428 61
382 404
416 37
335 453
193 297
43 351
373 219
235 137
398 190
440 143
168 31
115 133
65 439
208 257
1 460
479 448
292 378
471 481
195 220
286 419
363 372
141 337
186 239
1 4
293 113
142 271
444 442
474 351
421 177
113 230
148 121
11 333
430 371
253 28
93 136
310 370
385 382
107 86
118 56
269 87
366 418
326 21
283 271
79 132
124 419
380 312
396 183
322 207
322 477
326 251
298 24
101 399
173 76
318 336
212 153
359 400
50 80
54 266
189 169
273 469
55 9
18 169
413 344
320 238
139 339
419 424
429 357
60 48
55 285
129 143
110 435
445 265
153 99
401 308
308 425
223 284
234 55
46 158
84 378
177 14
215 185
468 276
211 398
448 451
74 398
338 86
2 218
42 122
46 466
145 18
484 84
63 462
277 352
343 396
192 420
62 233
238 346
179 474
458 240
452 433
171 47
26 126
408 319
247 193
240 17
274 186
2 465
67 195
13 228
474 358
388 204
340 475
111 130
236 476
156 442
343 146
104 351
436 166
302 270
14 421
134 358
337 182
249 244
333 217
348 437
416 156
319 323
209 217
401 361
57 151
180 212
407 40
211 74
13 6
351 232
367 419
113 462
382 461
131 225
10 178
458 17
243 157
199 127
98 264
161 315
83 344
245 92
15 337
318 274
60 163
411 169
244 388
146 164
187 289
27 217
216 117
292 82
279 272
408 323
207 449
395 123
444 161
388 237
482 465
332 5
315 345
420 201
394 366
20 204
23 357
299 407
432 396
324 456
244 237
5 199
171 303
302 181
242 77
386 161
460 412
483 434
99 306
427 37
354 362
57 98
314 360
430 361
190 7
132 154
9 330
64 250
39 390
467 420
49 338
294 72
447 409
395 164
82 378
335 290
304 106
317 125
12 393
391 141
175 93
379 467
175 144
117 292
222 288
453 290
56 22
421 125
33 323
380 323
289 356
385 461
225 40
71 392
222 347
58 66
230 438
107 338
174 433
28 430
247 228
427 406
474 232
108 94
138 260
19 272
451 166
349 419
469 454
457 400
91 152
235 115
249 51
438 34
60 12
51 393
76 73
26 112
359 483
199 119
110 10
239 274
140 392
226 419
472 214
4 118
22 472
271 340
259 445
184 66
471 368
113 63
172 455
354 258
115 32
348 366
150 197
3 97
214 121
263 438
390 471
162 348
447 69
44 457
321 263
165 379
3 81
260 2
298 432
152 132
81 291
23 150
485 355
455 423
442 161
332 466
131 478
229 35
301 241
130 314
387 452
58 92
328 213
439 300
362 431
208 145
194 61
203 159
477 458
63 362
267 260
375 64
339 226
404 45
200 172
162 437
70 448
79 154
77 301
369 83
450 261
327 131
481 283
202 381
285 160
20 181
250 88
53 200
344 196
254 202
354 369
303 117
317 421
92 231
388 365
4 460
79 325
45 257
98 67
235 201
268 284
13 331
423 8
224 219
102 455
231 331
193 459
110 389
127 42
52 92
44 131
136 254
157 240
401 430
295 428
80 260
118 29
209 27
300 96
103 127
392 94
47 76
364 50
467 446
72 35
106 473
61 295
130 360
380 33
391 26
419 389
371 28
413 215
348 418
149 89
121 411
72 19
95 107
104 43
420 446
265 419
129 381
107 463
372 387
341 363
117 422
441 233
286 31
225 407
431 63
473 300
310 318
190 200
254 381
289 25
226 188
459 275
49 147
71 94
38 252
467 165
428 176
397 372
134 328
31 419
66 277
276 296
60 393
123 440
120 178
196 83
242 329
463 95
256 87
426 125
47 73
262 254
230 293
136 175
465 218
459 248
136 262
2 267
380 112
316 249
194 448
227 335
187 100
121 169
306 153
170 115
284 280
447 209
322 68
374 58
334 100
194 70
65 135
151 419
455 8
368 390
429 443
322 458
72 229
419 210
50 352
49 261
142 283
238 109
412 480
128 155
329 77
179 358
375 175
269 125
190 16
470 88
180 153
155 437
245 58
41 417
35 424
278 57
287 152
228 193
78 419
443 402
278 151
297 459
282 36
303 47
203 419
417 167
382 45
339 299
410 268
111 483
312 112
26 141
180 449
187 356
203 349
318 464
307 155
203 261
231 52
192 201
405 341
90 87
264 57
327 225
282 419
251 21
344 215
427 223
39 211
167 41
464 310
223 280
350 311
250 414
176 116
185 279
133 235
456 419
334 187
118 22
275 248
269 256
358 328
204 181
468 246
370 246
393 249
197 281
206 64
355 75
416 442
479 451
373 224
34 263
198 114
415 90
66 374
415 87
439 135
128 329
285 234
149 152
228 6
407 339
359 434
484 378
316 244
309 465
207 68
65 109
108 30
437 307
240 243
226 139
394 456
340 288
290 355
320 263
377 76
150 357
270 213
379 120
406 223
236 469
221 432
14 402
32 405
373 38
38 470
126 112
160 298
389 353
353 419
271 475
282 210
427 416
119 5
289 21
222 100
209 409
65 238
16 200
436 451
445 419
155 329
338 147
335 99
158 182
3 291
189 18
198 484
419 35
163 205
80 138
311 89
383 38
11 217
466 5
362 258
9 36
140 253
279 215
259 273
181 270
