500 1494 1 271 88
80.8985 707.9165
0.5412 1.8604 806.4599
0.3060 1.3541 856.5477
0.4907 1.1363 879.8425
0.1862 1.6726 181.1884
0.6711 0.1783 664.2423
0.2678 0.3634 529.4944
0.0581 0.1778 98.0186
0.3838 0.5770 320.2010
0.0562 0.3381 999.8024
0.5208 0.8345 282.6432
0.2870 1.5464 504.8652
0.2321 0.8755 462.7093
0.2969 1.7272 834.6991
0.7620 0.2840 986.1977
0.8922 1.3543 313.6432
0.8658 0.3632 151.7202
0.8980 0.0303 775.4310
0.8848 0.9517 984.2515
0.1190 0.0901 196.6017
0.3968 1.7817 139.9026
0.8312 0.4143 134.9854
0.8581 0.2169 35.6042
0.9701 0.5771 121.7194
0.1782 1.4154 510.8724
0.7361 1.4155 462.6980
0.2037 0.2169 619.9888
0.4938 1.3266 128.6495
0.6932 0.4142 930.3356
0.6401 1.4155 917.5660
0.4881 0.3384 532.4684
0.2652 0.9513 122.1830
0.2991 0.0901 112.9765
0.4647 0.2169 227.1374
0.5717 0.6392 792.5890
0.5192 1.7817 20.5275
0.0669 0.7607 618.0044
0.7268 0.0897 149.4886
0.3800 0.8342 654.0710
0.4451 0.2164 507.6247
0.6147 1.9672 481.2822
0.9591 1.4157 67.2223
0.0547 0.8341 571.2208
0.9162 0.7094 990.4748
0.7748 1.6730 985.0017
0.6377 1.7277 550.1586
0.2209 0.5771 149.3247
0.1791 1.8605 506.4001
0.3557 1.3267 142.3575
0.4657 1.1752 337.8227
0.7977 1.5463 9.0282
0.8459 1.5514 352.5398
0.4098 0.3380 655.1168
0.6719 0.8345 955.8486
0.3922 1.0326 256.9924
0.7382 1.0663 954.8347
0.4111 1.7272 197.1767
0.0498 0.1396 505.5900
0.9551 1.5513 739.7687
0.2631 1.7816 586.9788
0.7522 1.3270 770.0628
0.7637 0.1780 718.6984
0.4031 0.1783 257.4852
0.3489 1.4155 683.9994
0.5828 1.1752 320.8282
0.6587 0.0900 872.9061
0.8129 0.7098 945.9846
0.5461 1.3265 159.1856
0.2812 1.3270 242.1999
0.6407 0.9474 866.0896
0.3188 0.5413 738.0510
0.7761 1.7815 209.8966
0.3911 0.2169 86.7706
0.2310 0.8341 53.5033
0.6277 1.1359 841.5212
0.2562 0.7605 963.1140
0.7808 0.6393 723.2283
0.1059 1.1359 127.4428
0.3032 1.0321 947.9514
0.9091 1.4154 548.4745
0.9287 1.7817 310.5049
0.7671 0.3383 545.9787
0.2997 0.1396 148.7439
0.4072 1.5516 882.5174
0.3051 1.7815 729.0543
0.0879 1.7277 139.0846
0.8508 1.6038 213.7611
0.9022 1.7275 244.1540
0.0000 0.0000 636.7104
0.3197 0.0898 697.3671
0.6667 1.2246 800.4890
0.4460 1.6730 192.3755
0.5461 0.4806 795.8341
0.5002 0.9475 862.7695
0.0981 0.6665 732.3531
0.1471 0.1783 598.0182
0.5619 0.4145 672.1700
0.3907 0.8754 387.9947
0.1861 0.2842 89.9790
0.6732 0.5772 701.2446
0.8972 1.0662 681.8635
0.3127 0.1779 912.9246
0.8637 0.2838 297.5142
0.1877 0.1781 682.8607
0.8062 0.5412 534.1712
0.7787 0.6664 844.3199
0.2832 1.6726 450.8694
0.7432 1.7273 268.8846
0.2827 0.6393 562.7744
0.6882 1.7274 57.1616
0.1862 1.6034 406.0688
0.4231 0.0300 884.3689
0.7840 1.4158 907.4400
0.6107 0.5771 469.3063
0.6951 1.8128 405.9426
0.4427 0.6664 584.0749
0.9468 0.8341 782.5591
0.3371 1.2249 216.5525
0.6409 0.7096 980.1112
0.6949 0.0299 495.5324
0.6671 1.1753 35.5945
0.3037 1.5464 445.4714
0.2782 1.8604 300.7365
0.5700 1.6731 328.8516
0.7742 1.2249 527.3123
0.4407 1.0658 449.8286
0.8132 1.8128 102.3084
0.7627 0.4143 783.1434
0.8328 0.0896 927.7891
0.1457 1.6728 431.9044
0.1231 1.5465 286.6631
0.5087 1.1752 954.4097
0.0782 1.9669 280.2672
0.8697 0.7097 136.5520
0.7482 1.0323 801.6926
0.5841 0.7607 951.2697
0.7571 1.5512 634.8622
0.5611 0.7095 398.9933
0.4817 1.8607 58.5843
0.2920 1.1750 941.8870
0.5527 1.2247 207.7102
0.7197 1.1359 146.2489
0.6042 1.8128 322.0460
0.6498 0.2164 993.7058
0.3311 0.6668 326.5057
0.1067 0.7098 592.5967
0.8388 0.6388 340.2566
0.6790 1.3539 385.3490
0.1437 1.4157 564.9940
0.0568 1.5466 368.8727
0.6781 1.7815 342.8205
0.0881 0.5409 319.3248
0.5160 0.7096 17.5406
0.6302 0.8752 949.6116
0.2019 1.3540 679.7686
0.1629 1.8125 336.9817
0.2501 1.1751 546.4973
0.5577 0.2840 670.4405
0.4870 0.1780 556.0939
0.2949 0.8346 793.7253
0.1021 1.2244 956.8854
0.4051 1.3267 488.1589
0.0587 1.8129 835.1805
0.4621 1.4156 891.0662
0.2239 0.3384 187.2273
0.4147 1.4742 145.9922
0.0581 1.8606 141.6447
0.5300 1.5512 722.6081
0.1149 1.1753 586.1272
0.6177 1.7814 830.1599
0.7039 0.4807 590.3487
0.2137 1.8127 47.1410
0.3467 1.9672 567.2990
0.4382 1.9241 184.4994
0.4691 0.7097 454.9137
0.1402 1.3543 708.5356
0.4369 1.2601 689.5237
0.8428 1.7276 355.5986
0.0677 0.4803 785.4424
0.8129 0.3635 360.7387
0.9489 1.7273 44.3068
0.1767 0.6668 940.6986
0.4127 1.1361 49.4744
0.2938 0.5410 310.1998
0.9579 0.1394 457.3780
0.6902 0.7093 261.7499
0.6288 0.3635 221.7922
0.7788 0.9517 977.1818
0.8479 0.9517 45.2682
0.5199 1.7272 771.6373
0.5839 1.7274 820.9548
0.8250 0.6663 260.5584
0.8420 1.4745 267.8734
0.1932 0.7097 876.9914
0.4270 1.0321 829.8237
0.9699 0.2838 771.4999
0.5787 0.6667 268.5397
0.8900 0.7607 198.5288
0.4060 0.0302 735.9610
0.0610 1.1748 405.1861
0.5658 1.4746 454.6094
0.8579 0.1779 184.3750
0.2018 1.5514 461.9215
0.0320 1.7277 537.6053
0.2082 1.7817 668.3068
0.5648 1.9240 935.8925
0.8060 1.3266 13.0606
0.4268 0.4807 619.5281
0.4090 0.7095 177.9429
0.2169 1.1361 585.3641
0.2697 1.1363 26.9305
0.0588 1.5513 925.6193
0.3280 1.0660 927.3961
0.0449 0.2843 642.3976
0.1022 1.4157 94.3135
0.9519 0.8752 171.1946
0.8727 1.5462 563.1964
0.3950 1.6033 37.2626
0.3992 0.7603 625.2899
0.7441 0.8752 665.7981
0.4891 1.5515 923.1807
0.5522 0.3634 180.3378
0.3821 1.8130 286.1654
0.0769 0.0301 539.1292
0.2199 1.2245 244.2126
0.3858 0.1394 449.3096
0.6661 0.6393 56.1819
0.7057 1.1751 582.7163
0.6922 1.4742 545.3469
0.3317 0.4804 877.5218
0.5310 1.0662 251.3601
0.7119 1.6034 205.9061
0.7152 0.9474 511.5096
0.8019 1.7275 600.0201
0.8071 0.1393 184.6915
0.9192 1.0326 587.0619
0.8150 0.2169 120.5134
0.2990 0.8753 426.8277
0.4287 0.6391 981.4163
0.4930 0.5774 405.5092
0.5119 1.2247 78.2658
0.5998 1.8607 936.5167
0.3229 0.7602 610.0000
0.3119 1.1362 801.2670
0.2131 1.4747 831.6931
0.5908 0.4808 871.5903
0.2400 0.5411 294.5013
0.1878 0.7602 154.1565
0.8511 0.8345 297.0331
0.2042 1.5461 343.1713
0.8807 1.2249 945.2093
0.2320 0.4141 29.7039
0.6231 1.0324 786.7767
0.0401 1.2249 245.3036
0.6001 1.6034 525.8747
0.3660 1.3539 31.5281
0.1187 1.5512 370.7298
0.6737 1.5466 139.0951
0.9258 1.3268 901.5812
0.0740 1.7817 679.3187
0.0578 0.7098 533.2095
0.8540 1.3542 415.0749
0.1727 0.5409 992.4783
0.9638 0.3381 420.3442
0.4281 0.8755 907.8565
0.1357 0.3632 391.1362
0.0748 0.6393 484.7478
0.2829 0.3385 187.6683
0.1490 1.9239 376.3545
0.2311 1.6034 749.5650
0.9560 1.5465 39.5282
1.0000 0.0000 938.9887
0.8900 0.5412 664.9498
0.9272 0.7602 144.6429
0.1259 1.0658 248.8113
0.2078 0.0299 222.5614
0.5199 0.7603 178.5441
0.2167 1.7274 203.0443
0.8129 1.2244 38.5898
0.4421 1.7813 261.7024
0.9407 1.9669 984.1849
0.8030 1.4743 281.4667
0.3959 1.8129 661.0526
0.2770 0.6665 13.0981
0.3509 0.4144 716.9811
0.5109 1.4157 979.9859
0.1078 0.8757 6.8777
0.3877 1.1362 500.8319
0.7131 1.5512 860.0816
0.8211 0.8757 699.4623
0.4511 0.4145 111.2365
0.9160 1.8604 398.2724
0.6421 0.6388 213.4104
0.5680 1.0321 855.3969
0.1429 1.7812 737.8865
0.0298 1.6038 193.2671
0.4628 0.5410 195.4516
0.5227 0.1395 581.0930
0.5348 0.7602 200.2276
0.1659 0.4806 892.0953
0.7358 0.7096 363.0884
0.1998 0.1396 119.5026
0.6718 1.4158 13.9497
0.7098 0.7604 349.0468
0.1670 1.2247 733.6636
0.8342 1.4155 81.8550
0.3290 1.4158 17.3385
0.6928 0.3384 450.8956
0.6352 0.4145 770.5360
0.7527 1.9672 752.3646
0.6558 1.9239 74.9060
0.2772 1.9237 320.0917
0.8810 0.6388 712.4573
0.4048 1.0661 402.8350
0.1441 0.8345 476.3606
0.1000 0.6392 529.9063
0.3897 1.4154 177.7754
0.2648 1.4158 750.8452
0.3602 1.1749 798.8775
0.0822 0.4145 251.0276
0.8548 1.1358 65.5435
0.8281 0.7602 298.0500
0.2478 0.7097 630.6211
0.3108 0.2842 384.4568
0.8580 1.1748 142.4299
0.4077 0.9512 502.8788
0.9112 0.4145 554.0192
0.8511 1.9237 434.9178
0.9091 0.4803 174.4771
0.1631 0.5773 406.4710
0.7748 1.2602 924.8835
0.6852 0.2169 661.6639
0.9697 0.6388 565.6483
0.9227 0.4141 282.5249
0.7522 0.6390 746.6477
0.7869 0.0300 913.0556
0.8711 1.7814 245.9087
0.7898 1.9667 181.7222
0.3768 1.5514 99.2857
0.8388 0.5770 645.8869
0.5102 1.8128 923.3086
0.4561 0.8345 965.1227
0.1839 1.3270 340.8470
0.8950 0.6665 198.4163
0.6149 1.3539 374.3299
0.1727 1.0322 387.4992
0.7912 1.1358 206.9665
0.8238 0.1782 393.8329
0.6467 1.3269 478.9687
0.9312 0.5409 295.0131
0.3767 1.5466 841.6996
0.4972 1.5463 104.7566
0.1520 0.9474 136.0859
0.7411 0.5413 69.8601
0.3930 0.9515 475.4783
0.7961 1.7812 134.1271
0.0828 1.3542 79.3576
0.9221 1.1750 715.6092
0.8531 1.4156 878.6489
0.2140 0.9470 693.6533
0.5991 0.3381 179.4430
0.6558 1.0321 341.1774
0.0739 0.5774 411.4779
0.5648 1.4154 759.2892
0.6069 1.4156 231.1202
0.9470 1.9241 752.7733
0.7349 0.8341 625.0615
0.7072 1.8606 905.3964
0.0860 1.3267 553.0447
0.5572 1.7276 709.8911
0.8659 0.0299 223.4038
0.1802 1.0660 426.4465
0.5820 0.1396 818.3320
0.5292 1.5465 868.8146
0.6511 0.7603 996.7676
0.0361 1.0661 266.5325
0.2772 0.2164 135.1298
0.9511 1.2246 54.4141
0.5671 0.0301 480.0772
0.3068 0.7093 829.6096
0.3038 0.5773 323.2138
0.0991 1.9240 113.7906
0.2730 1.5516 578.2685
0.8578 0.9474 232.2356
0.6738 0.6664 710.2660
0.5852 1.1358 938.9565
0.4328 1.3544 365.6876
0.5698 1.0660 162.8147
0.0312 1.1363 387.5898
0.6118 1.5464 227.2681
0.4729 0.5411 969.1804
0.9308 1.0662 261.8530
0.6029 0.2841 42.3125
0.5297 0.4145 208.9017
0.9672 0.0897 601.4395
0.7562 0.5771 88.1959
0.5518 1.3544 711.1504
0.3489 0.7095 672.0144
0.5307 0.6668 748.8872
0.5020 0.0901 406.9882
0.1979 0.4142 711.7297
0.1929 1.9668 300.2258
0.9702 1.1359 869.2527
0.4250 1.7277 994.0577
0.2332 1.0660 639.2392
0.9571 0.2164 144.9821
0.8351 1.8128 753.1075
0.1760 1.1752 136.8637
0.4660 0.0896 47.0292
0.4990 0.8752 127.8447
0.8791 1.2602 301.4286
0.4298 1.2245 373.8027
0.6527 1.0662 588.7271
0.7949 1.8602 648.5469
0.9028 1.8125 817.7940
0.4112 0.8345 506.9174
0.6747 1.1358 155.8512
0.3322 0.6393 795.6313
0.5849 0.5411 382.9964
0.2149 0.6388 289.4579
0.4451 0.1779 963.6701
0.1850 0.6391 57.3415
0.2700 1.8126 133.6887
0.2432 0.1781 291.5577
0.4620 1.9238 804.6589
0.8647 1.0323 919.2030
0.8051 1.3544 29.3197
0.4752 1.9672 958.1077
0.5422 1.7813 780.6334
0.9481 1.6036 144.6351
0.7972 0.7603 491.1755
0.9288 0.1778 293.3856
0.3700 0.3633 476.7769
0.5721 0.9514 790.7858
0.2629 1.7277 485.0622
0.2140 1.5512 967.6379
0.3340 0.2839 395.9711
0.2477 1.4156 902.6277
0.1630 1.7272 854.8635
0.0700 0.3632 255.8603
0.4181 1.1748 461.0958
0.0677 1.4743 350.5263
0.5852 0.8346 554.0091
0.6819 0.9513 628.1674
0.6222 0.1781 932.1200
0.6150 1.2246 895.5112
0.7228 1.6731 955.9983
0.6652 0.3633 902.5459
0.3091 1.9240 685.8901
0.6632 0.1393 86.5977
0.7720 1.0660 359.5732
0.7562 1.5466 488.2418
0.0411 1.4155 516.6696
0.8581 1.5515 476.0962
0.5848 1.5515 674.3303
0.8737 0.8346 487.7481
0.3801 1.2249 417.9341
0.6229 1.2602 218.7315
0.5010 0.6389 759.3019
0.2817 0.4144 961.4740
0.9420 1.6731 215.2743
0.5388 0.8752 669.5677
0.1022 0.4141 370.3192
0.5740 0.2169 182.6665
0.1418 0.0898 475.0895
0.5362 1.6038 247.5064
0.4551 0.6392 871.1937
0.0668 1.0322 83.1807
0.6589 1.5514 672.8822
0.4318 0.9471 229.8750
0.3232 1.2605 19.0049
0.4452 1.6037 225.4060
0.2570 1.9667 155.8528
0.3647 1.8603 635.0532
0.1501 0.2167 369.8813
0.3742 0.6393 55.8243
0.6661 1.8128 855.4102
0.0561 0.9514 455.0506
0.0438 0.8755 167.5845
0.8252 1.1750 413.3934
0.8608 0.8753 119.2123
0.2729 0.0299 422.2697
0.1587 0.9514 718.9907
0.1931 1.0325 232.0187
0.2008 0.7605 771.1502
0.6882 0.8344 38.3572
0.1382 1.2605 865.8755
0.7718 1.1749 527.4705
0.4081 0.4144 150.4245
0.7769 1.9241 653.2248
0.1009 0.7607 455.2918
0.3299 1.7277 938.8662
0.1651 0.0301 931.5588
0.2041 0.8346 501.6534
0.0539 0.2166 38.8575
0.5990 0.0302 636.1139
0.4787 0.2842 204.5923
0.4351 0.7606 751.4790
0.7942 0.4805 68.1656
0.6507 0.5409 424.8054
0.5858 0.1782 13.3683
199 168
493 73
354 252
428 169
369 428
357 346
416 227
163 316
143 463
202 110
189 428
31 482
437 317
21 170
355 126
54 230
29 386
331 102
303 38
15 41
125 54
122 162
352 12
222 473
426 261
62 101
186 9
448 311
473 340
381 166
267 52
106 465
216 200
154 63
120 278
287 212
130 149
209 156
296 178
41 192
426 305
424 241
500 463
76 23
312 115
91 177
154 2
97 264
415 237
199 240
392 263
429 86
441 24
500 301
209 77
436 323
322 247
481 198
362 246
329 46
44 446
166 268
304 486
223 492
82 444
238 94
29 441
497 397
367 413
362 151
212 313
487 250
256 149
435 110
376 213
112 200
57 158
27 154
65 119
214 148
294 491
299 272
174 152
374 137
118 374
158 500
417 475
210 243
254 106
380 390
313 287
418 239
494 213
58 270
83 220
476 169
58 453
163 285
145 260
442 219
217 167
323 52
132 401
480 469
222 20
318 139
482 477
216 50
472 401
243 287
90 49
484 75
193 145
496 157
434 277
221 9
470 348
349 272
49 124
14 102
429 460
266 88
220 350
39 62
10 153
439 462
445 407
362 183
431 271
475 94
291 365
361 55
366 219
310 489
173 448
483 212
137 181
359 469
405 22
339 292
109 45
23 349
187 443
17 280
441 121
359 354
298 276
411 240
1 126
180 44
154 67
271 377
53 430
330 457
285 363
413 365
9 439
48 68
356 68
463 444
411 456
436 143
279 189
308 28
252 412
311 166
385 440
16 81
114 71
167 220
129 217
271 180
58 86
55 412
32 225
269 129
135 42
149 88
482 194
23 332
258 386
427 172
320 346
169 114
46 70
309 40
186 447
216 228
258 271
312 398
108 417
286 478
383 215
132 381
496 263
299 178
489 132
418 8
439 265
455 321
271 15
129 189
199 456
184 394
336 177
4 107
26 474
2 348
34 292
121 350
360 436
88 7
348 176
34 395
272 23
88 178
88 223
305 358
301 82
49 445
22 201
134 55
89 481
47 162
171 155
57 420
338 110
204 162
450 100
237 352
57 423
486 278
300 398
42 36
382 149
221 432
99 104
320 357
480 455
441 317
45 4
441 63
372 399
226 94
296 46
142 169
297 408
66 321
488 284
338 130
441 437
352 359
133 191
241 205
160 304
38 415
233 107
497 42
307 436
60 2
55 450
409 461
427 495
245 488
95 494
306 441
406 336
288 254
81 496
361 325
412 141
365 327
60 348
2 258
371 210
185 115
181 94
312 23
27 175
63 306
69 232
24 154
13 259
107 150
399 378
384 332
394 128
113 239
245 284
72 376
176 457
331 143
61 5
353 99
479 487
205 132
399 495
291 271
485 366
111 427
248 366
35 189
471 465
38 159
73 286
351 220
416 64
249 11
441 302
477 467
232 383
211 88
94 322
24 175
98 213
241 367
449 128
92 272
225 464
59 84
410 258
212 243
341 10
225 82
487 227
17 128
358 281
271 235
62 420
201 347
245 170
447 9
132 88
229 272
493 374
253 199
290 393
305 147
500 444
138 473
322 193
306 154
134 187
416 479
97 237
335 119
482 352
198 401
486 160
499 178
455 248
91 254
274 345
307 81
125 230
441 163
27 486
434 129
428 190
83 110
458 466
249 83
206 258
358 15
472 327
312 332
389 373
386 363
208 397
357 324
151 178
445 140
42 490
486 161
285 386
453 51
87 177
78 125
231 254
143 496
458 395
88 57
26 423
385 74
366 430
325 93
283 185
265 6
218 322
242 75
77 371
418 499
154 437
77 388
110 295
473 282
419 94
250 486
412 416
84 222
182 318
357 141
56 403
469 461
205 310
180 87
299 104
344 305
250 457
497 218
363 441
444 225
166 88
107 71
311 268
149 202
37 17
234 449
19 464
425 100
390 46
389 288
258 426
408 89
441 244
282 222
138 476
257 244
227 250
445 156
256 295
9 88
128 37
425 187
469 354
31 194
345 467
101 72
395 339
137 118
97 415
495 65
12 159
112 344
194 54
303 493
94 88
276 174
352 88
430 303
6 432
307 360
297 399
352 286
207 462
76 146
7 95
188 187
49 385
118 303
78 313
223 464
294 259
25 165
105 191
458 34
194 477
93 469
179 127
469 289
428 340
88 478
129 13
55 252
343 43
467 375
213 463
473 162
19 82
479 377
307 16
402 357
237 12
4 217
385 412
279 403
376 423
73 159
244 25
242 42
271 333
88 203
32 275
425 235
115 146
452 441
24 437
83 11
39 158
53 219
327 337
116 455
199 160
25 302
358 261
383 433
88 42
377 324
271 184
23 226
103 95
211 149
339 23
376 101
72 213
26 376
199 140
129 110
168 209
199 77
87 446
61 449
265 9
221 127
273 133
353 499
297 372
435 382
133 66
105 332
136 50
287 318
175 48
247 490
182 287
333 328
111 408
478 493
354 194
280 365
231 136
191 332
150 114
244 451
177 106
85 438
235 18
251 459
351 441
491 13
277 438
182 3
326 21
106 233
65 372
146 312
57 301
271 402
176 206
463 33
434 259
260 490
23 271
322 242
273 271
415 303
480 69
122 448
377 250
373 441
3 385
449 372
84 403
271 18
231 453
228 281
236 331
30 447
46 380
240 140
169 340
204 59
230 293
359 461
413 406
410 330
80 406
152 137
114 1
16 271
67 486
281 216
297 89
178 70
8 239
20 403
271 270
178 390
425 55
39 33
441 88
65 399
423 101
254 454
362 266
480 232
258 15
300 66
178 418
170 290
294 13
88 213
114 138
255 258
32 481
259 277
215 116
333 16
225 19
168 445
36 88
201 405
362 421
94 417
282 340
171 422
99 499
416 487
440 49
498 349
488 439
404 345
217 269
209 318
385 387
416 120
228 358
476 142
125 3
427 327
104 272
327 40
263 81
406 355
88 162
39 101
295 88
100 391
473 122
165 216
453 216
454 167
245 92
387 230
11 121
452 88
454 471
17 370
71 126
42 218
347 61
87 44
9 6
419 421
430 300
279 282
430 485
223 19
274 77
129 88
181 146
484 247
278 124
357 416
20 279
323 164
460 271
66 273
271 280
233 355
270 216
441 25
258 176
190 369
483 313
480 116
250 410
439 251
278 250
108 362
440 182
29 364
8 466
174 208
10 461
302 396
254 136
123 446
495 40
257 441
129 369
197 273
292 226
132 223
391 235
280 327
440 445
433 134
173 424
57 95
201 431
462 400
129 190
355 177
225 297
451 288
143 157
129 403
441 316
73 303
18 425
96 439
367 406
35 428
156 139
439 88
66 384
140 486
374 314
106 4
88 199
471 4
451 257
108 419
295 129
439 284
483 477
55 346
419 362
499 113
128 372
52 30
432 127
170 28
398 115
92 251
345 371
101 57
328 271
456 117
132 173
220 121
152 94
352 478
46 183
94 292
112 165
320 100
78 54
254 468
400 251
486 68
283 146
382 338
19 88
175 154
142 138
352 461
258 457
37 65
464 32
57 500
22 61
404 243
70 183
42 276
137 135
475 238
92 400
439 459
111 89
179 30
231 44
352 354
465 454
146 144
57 62
267 447
365 241
304 224
416 74
192 79
41 79
410 271
130 441
336 355
441 214
246 178
92 207
411 199
132 424
335 370
168 140
379 218
197 116
110 382
271 43
445 318
42 298
394 271
480 215
118 185
233 71
316 255
421 315
321 248
316 63
174 497
430 248
267 164
94 315
33 213
109 150
396 386
260 36
32 223
261 15
86 460
175 148
300 185
85 203
196 66
195 236
374 135
98 9
354 31
35 282
497 208
358 192
147 426
378 427
356 175
425 391
388 199
51 50
356 214
225 89
312 384
303 374
200 228
1 406
241 327
162 166
128 234
9 323
99 466
253 160
473 155
129 491
474 494
59 222
473 422
303 159
402 100
405 195
188 18
441 350
368 342
202 435
454 468
441 11
280 337
264 352
121 83
209 210
2 63
371 209
143 5
494 88
255 63
244 165
39 72
369 189
49 131
401 327
362 315
96 170
181 152
459 245
51 231
132 310
266 315
338 83
45 428
288 136
334 226
318 440
40 119
490 193
468 389
180 336
473 424
371 243
406 241
498 272
444 297
23 292
142 340
488 290
430 321
386 255
143 392
466 239
177 123
477 352
171 204
387 252
151 262
219 289
441 285
17 271
79 358
308 170
234 431
439 308
465 4
452 356
77 168
94 266
442 153
380 418
380 475
123 87
263 271
5 372
343 271
172 472
442 430
325 354
424 122
30 360
345 483
127 447
27 161
390 296
170 326
120 124
486 117
144 283
389 167
246 183
271 357
395 466
271 414
115 300
498 328
250 176
196 312
143 444
15 79
180 80
195 263
334 23
127 21
272 245
195 22
234 201
467 274
433 69
375 88
103 57
399 111
436 463
428 282
204 155
294 162
88 388
69 93
335 309
362 417
114 476
16 263
290 245
296 70
219 153
250 479
260 88
288 468
157 392
303 300
145 94
170 498
425 450
59 56
340 138
66 197
474 423
407 168
432 9
59 171
291 414
319 439
271 332
112 396
125 313
200 305
445 139
335 37
78 483
393 439
122 173
43 273
85 129
451 136
68 175
329 183
89 32
80 271
373 220
88 151
144 185
411 486
460 44
334 94
64 131
470 486
158 420
375 388
385 125
406 414
479 324
84 20
16 360
321 197
319 299
42 75
357 377
238 8
249 130
356 342
268 132
64 124
102 263
27 67
18 383
334 181
44 86
190 45
293 354
246 262
447 164
494 103
134 443
14 392
395 272
486 445
478 42
286 12
4 129
129 56
438 129
259 438
306 317
132 492
60 206
469 153
138 1
148 356
91 106
146 23
323 30
254 465
193 247
66 430
498 326
199 117
114 126
275 132
271 116
394 234
134 361
141 346
389 454
275 492
195 331
1 241
470 250
59 422
241 489
177 233
327 309
148 24
115 144
409 352
481 275
39 213
150 71
88 368
152 298
446 231
145 490
116 273
391 402
452 214
354 361
339 272
298 135
271 58
186 221
486 240
230 194
356 368
42 247
250 120
313 182
341 97
10 430
224 486
19 57
123 91
69 325
383 188
326 333
348 154
311 132
127 186
402 320
107 109
263 157
58 429
259 85
45 150
271 383
424 1
390 418
353 104
267 323
389 441
213 474
83 269
356 88
378 111
172 327
463 98
470 176
442 10
14 263
162 155
323 98
109 4
231 86
459 92
353 178
29 302
149 435
363 364
50 451
220 217
88 486
291 413
341 264
462 299
134 325
112 305
355 71
189 403
171 473
341 415
333 498
132 448
346 100
486 456
277 129
169 150
293 387
361 252
395 104
271 41
204 491
53 442
391 271
111 172
191 43
413 414
439 400
303 341
478 314
205 424
360 179
326 16
229 299
462 229
272 170
425 134
259 88
163 255
281 192
458 94
199 304
496 307
238 466
484 322
444 372
314 493
38 237
129 45
112 25
421 94
148 441
90 445
309 337
348 486
461 153
198 111
124 90
248 480
91 231
206 2
389 257
396 344
181 283
334 76
319 88
82 500
293 194
14 143
319 462
380 8
242 218
174 94
279 222
116 321
480 289
60 176
414 80
3 440
466 94
417 329
166 448
350 351
486 253
382 130
113 99
450 346
425 188
169 45
259 203
13 434
180 460
308 6
426 358
408 399
295 202
17 394
271 215
30 436
383 443
294 204
252 293
76 181
199 224
250 330
308 96
499 239
349 271
131 385
22 236
371 404
103 423
463 323
131 124
231 123
416 324
156 407
165 50
220 269
54 477
328 349
141 416
17 337
427 40
39 420
244 50
46 475
167 373
179 21
405 431
253 88
270 192
322 379
37 370
471 217
271 365
158 463
272 207
276 497
271 429
433 325
396 29
137 298
32 492
409 264
258 330
47 448
68 342
348 67
441 149
132 198
88 477
204 56
198 89
327 489
271 405
303 10
141 55
377 410
453 50
375 274
362 88
258 147
485 53
209 407
152 276
295 211
129 203
94 397
212 345
12 73
486 342
133 43
66 105
344 147
386 364
265 308
270 281
343 332
212 404
310 241
447 179
202 256
47 122
143 61
441 249
162 259
37 372
234 61
64 74
195 102
379 397
236 61
343 191
7 57
107 106
36 490
184 431
178 319
184 234
412 387
208 94
28 127
56 491
34 94
258 261
469 219
17 309
289 248
94 108
126 406
161 175
119 37
381 88
436 496
48 161
172 198
329 475
78 477
113 466
26 213
132 327
132 481
364 441
255 2
274 388
336 87
42 484
486 368
336 80
422 222
303 185
365 367
84 56
283 118
33 158
433 232
207 229
230 385
94 193
262 362
260 94
344 258
423 494
51 136
28 432
178 262
268 381
318 243
335 40
338 249
467 88
255 285
179 16
192 271
314 42
74 131
5 444
207 400
200 165
409 341
274 371
424 138
196 398
159 237
318 210
139 209
256 211
475 8
52 447
279 35
309 370
271 195
135 314
494 7
118 181
289 366
19 301
384 105
227 120
9 213
166 47
97 352
183 178
322 75
187 383
347 22
64 120
325 469
495 119
453 86
105 133
9 164
196 300
485 219
395 99
486 48
480 93
90 486
347 234
453 270
393 96
34 339
104 178
286 493
486 124
443 433
329 362
383 480
317 154
305 228
269 110
258 396
472 198
396 25
74 412
288 257
143 102
21 16
308 432
170 393
61 372
497 379
459 284
341 461
3 313
477 345
379 94
331 61
217 454
127 170
373 351
495 378
117 224
384 196
290 439
31 352
