500 1494 2 54 92
859.1231 434.1399
0.6297 0.0849 827.2034
0.4189 1.6262 41.1095
0.8517 0.6053 677.0722
0.4637 1.6264 443.2169
0.3932 1.2052 410.6127
0.6158 1.8254 322.7708
0.7177 0.5963 315.5921
0.7207 0.3323 720.4070
0.3899 0.4503 174.8490
0.5498 0.9206 676.2791
0.4848 0.2989 272.6487
0.9500 1.4198 916.1710
0.2632 1.6966 545.1757
0.8922 0.7805 557.7989
0.9271 1.0115 519.3978
0.4649 0.7215 82.2892
0.6020 1.6636 742.8932
0.4807 0.5162 3.3082
0.5552 0.5964 412.5228
0.2252 0.5165 140.6064
0.3627 0.0847 862.7302
0.6067 0.3325 345.3578
0.9122 1.4431 997.6850
0.8781 1.8253 289.1777
0.3070 1.5755 730.9389
0.5857 1.3455 746.2999
0.5678 0.5553 85.1916
0.0388 0.9707 809.6030
0.7969 0.0188 731.9655
0.2497 1.7896 705.2939
0.2157 1.6260 629.0885
0.1519 1.5756 109.1086
0.5892 0.0849 527.9534
0.5178 1.6636 12.5012
0.1591 0.2602 637.8546
0.7009 1.3927 677.9741
0.7989 0.0651 235.0562
0.3310 1.3021 891.8523
0.9260 0.8584 786.8914
0.1621 0.0848 923.9197
0.4688 0.1224 179.5684
0.8119 0.1757 808.1079
0.3247 0.2990 810.0141
0.1369 1.2680 646.4305
0.9131 0.3743 207.6375
0.2517 1.9881 758.9189
0.8877 0.1228 200.1328
0.8110 0.9209 167.7449
0.4429 1.1616 60.3308
0.8961 1.2052 255.4726
0.3739 1.2681 497.9263
0.1019 0.6540 390.6267
0.5702 0.8116 823.5651
1.0000 0.0000 499.6579
0.3568 1.2052 530.6782
0.2670 1.9374 74.2927
0.8251 1.9376 47.3588
0.7382 0.9709 135.5674
0.2242 0.0850 373.2062
0.5188 1.5288 24.9960
0.1180 0.8583 664.3455
0.5429 0.1224 602.4337
0.5240 1.1348 21.9194
0.6310 1.0860 42.7848
0.9467 0.8113 138.2986
0.4181 0.2211 161.3488
0.8421 0.2209 957.6512
0.3890 0.7803 535.9814
0.0831 1.5757 106.8558
0.1269 1.0702 334.4455
0.5780 1.2056 305.0288
0.0461 1.5101 458.4514
0.1910 0.7026 420.3893
0.3210 1.4430 239.3330
0.8989 0.2986 210.3744
0.1740 0.3325 240.6780
0.2358 1.8404 55.2078
0.0480 0.9063 432.4897
0.9687 0.9205 180.2655
0.2069 0.5161 898.0855
0.4258 1.3454 918.9638
0.8119 0.2987 456.5630
0.5900 1.4199 285.6182
0.3692 0.3320 555.4320
0.3378 1.0857 888.4622
0.0882 1.1349 733.2817
0.4320 1.5753 630.0867
0.9131 0.5965 624.6850
0.8937 1.5756 376.5777
0.8639 1.5290 997.5829
0.6289 1.2052 156.5320
0.0000 0.0000 44.7008
0.0407 0.1226 495.8124
0.5501 0.9060 709.2560
0.4831 0.2207 417.3493
0.2909 0.9063 826.2755
0.2120 1.3926 714.9178
0.5570 0.2603 479.7011
0.3391 1.9055 221.0767
0.4831 0.0650 666.8226
0.4169 0.9711 868.8157
0.0350 1.0861 148.8067
0.8161 1.2681 991.1493
0.7667 1.7213 890.0488
0.8912 1.7897 34.5490
0.4897 0.4501 163.7451
0.6630 0.1753 9.3911
0.4788 1.0116 691.7587
0.5668 0.7214 457.5178
0.7640 1.6263 880.7534
0.2912 0.6053 757.6598
0.5660 1.9878 300.4468
0.2848 1.4198 313.8082
0.4852 1.9374 806.2195
0.0922 1.6260 919.2892
0.2587 0.7213 471.3859
0.7038 0.2208 244.9296
0.0702 1.5290 35.2978
0.0397 0.3322 150.6929
0.8879 1.0859 878.3551
0.5769 1.8254 371.0089
0.8872 0.0850 445.1406
0.8312 1.7896 622.8372
0.4358 1.9880 735.1247
0.7940 1.4196 357.6394
0.1050 0.9709 348.0507
0.8968 1.3456 390.2864
0.6368 0.9709 233.5456
0.8611 1.3453 74.6000
0.4362 0.0845 379.6591
0.5047 0.5161 802.7549
0.6977 0.2600 38.8900
0.1869 0.0190 778.2412
0.6098 1.9058 991.8695
0.8169 0.1223 932.3993
0.1929 1.9056 335.3890
0.6249 1.5755 815.8870
0.8228 0.5554 647.9604
0.4471 0.3323 781.9904
0.4592 0.9712 843.6703
0.7072 0.9205 430.1007
0.9469 1.9881 450.3062
0.7668 1.0111 907.9538
0.8482 0.0191 696.2228
0.6722 1.6966 570.7491
0.4491 0.6540 649.3321
0.2362 0.7031 382.9253
0.8018 0.5967 666.2650
0.4040 1.4201 381.7458
0.6432 0.2990 916.8127
0.4221 1.8254 206.3052
0.8950 1.1346 520.4496
0.5362 0.0193 553.8531
0.1808 0.2210 884.7786
0.6798 1.0857 797.9644
0.9687 0.1226 985.9053
0.5568 1.4430 586.2936
0.4589 0.8112 706.9422
0.7042 1.6964 315.4292
0.2241 1.9371 154.8292
0.3189 0.6538 509.1017
0.3731 0.8114 134.0049
0.9349 1.9056 944.6813
0.4452 1.7898 12.6163
0.7667 1.6966 117.1413
0.5718 0.1754 362.7336
0.0508 1.4430 158.2479
0.8639 1.5103 353.9509
0.6990 1.2683 54.8381
0.8361 0.7212 349.4379
0.0412 0.8114 210.4176
0.4691 1.1349 327.4332
0.7157 0.3740 497.5236
0.4132 0.3743 16.1102
0.6127 0.5161 208.5292
0.4329 1.2683 550.8804
0.7871 1.5101 488.9757
0.7672 0.7803 304.9185
0.1397 1.1612 874.2988
0.5611 1.8404 480.6615
0.5617 1.7898 658.6407
0.8838 0.4502 573.9563
0.4160 1.6631 931.5064
0.2247 0.4279 318.9834
0.4772 1.2054 921.2203
0.2402 0.1227 89.7418
0.8299 1.9057 470.7834
0.0402 1.6966 551.3375
0.2719 1.5756 133.1760
0.6319 1.4200 851.2803
0.2270 0.7803 362.6288
0.5900 0.4498 789.0054
0.8338 0.5963 394.6392
0.1258 1.6259 590.4474
0.4230 0.1228 509.7792
0.7638 1.8253 968.2744
0.6707 0.3742 532.4349
0.5269 0.7804 922.5512
0.2881 0.1223 485.9544
0.9447 0.0648 715.8150
0.9059 1.6635 793.5912
0.1349 1.0115 609.8430
0.2362 1.0859 44.6605
0.4890 0.3740 813.2864
0.4471 0.9062 748.9017
0.7098 0.1228 475.9321
0.3220 0.9205 859.3859
0.7181 0.8111 318.6844
0.6528 1.6631 504.7741
0.0661 1.9879 724.4727
0.2397 0.5963 41.7681
0.8232 0.8116 430.7351
0.3647 1.6965 799.9949
0.0631 0.0189 524.5622
0.4897 1.4198 370.3278
0.9219 0.7215 189.3839
0.8760 0.7027 609.7525
0.2408 1.1615 253.9193
0.6438 0.1223 744.6939
0.1890 1.3452 704.1636
0.4138 1.3023 399.6375
0.6481 1.5757 183.3776
0.1899 1.8252 32.3576
0.7472 0.4498 338.1993
0.3872 0.5553 605.4848
0.0839 0.1752 771.8189
0.8280 0.9711 565.8476
0.2272 1.7213 801.2914
0.9691 0.2987 799.0053
0.0678 1.2680 227.2211
0.3377 0.0646 297.1187
0.5931 0.7801 641.1646
0.3622 0.4279 784.3888
0.1659 0.8115 47.5545
0.9361 0.4499 989.8478
0.5068 0.7026 969.8483
0.5591 1.6965 327.7355
0.5812 0.6057 582.2089
0.5392 1.6264 585.5119
0.2752 0.9063 915.2648
0.2381 0.1757 485.3913
0.5982 1.3018 259.5098
0.5060 1.8254 598.1166
0.9509 0.4277 306.1529
0.1559 1.0702 307.2058
0.7062 0.5165 22.3518
0.3590 1.8255 186.4476
0.1147 1.2051 681.1657
0.8640 1.0702 259.3756
0.2178 1.2682 326.6018
0.3077 0.0188 259.4542
0.9279 1.8252 887.6859
0.6721 0.4279 614.7299
0.4242 0.2600 212.3655
0.1131 0.3744 593.0762
0.5138 0.5963 132.0542
0.8317 1.3931 149.5587
0.3188 1.5291 470.3970
0.1807 0.2987 104.6181
0.9518 0.9061 242.2592
0.0980 1.7895 605.3115
0.2169 0.8585 631.0006
0.2468 0.9708 269.7379
0.3297 1.3926 830.7302
0.7810 0.0846 642.7861
0.6698 0.5554 272.7766
0.3591 0.6055 661.2222
0.1522 0.5967 683.5879
0.0487 0.5163 241.6622
0.4707 0.6057 623.3689
0.0301 1.9054 261.6427
0.2911 0.5966 541.3298
0.2182 0.3323 644.9842
0.0439 0.7027 595.0257
0.0872 0.9209 763.6800
0.3139 0.9707 782.6591
0.6461 0.0188 794.4930
0.1121 1.3456 568.3256
0.6340 1.7900 69.2129
0.1522 0.8112 190.3173
0.0952 0.0849 588.9122
0.5052 1.0702 244.4201
0.2320 0.2989 83.5593
0.2877 0.3741 835.8856
0.6490 0.7213 668.1058
0.6180 1.3931 844.6591
0.4867 0.9712 801.4283
0.7701 1.3455 787.5929
0.1437 0.4279 320.1585
0.1377 1.7896 606.2692
0.8628 1.2053 643.8320
0.8817 0.1754 981.6022
0.5867 0.3320 299.1404
0.2837 0.0651 168.2046
0.2328 0.3744 694.5122
0.9210 1.9372 26.9688
0.1581 0.5549 670.1499
0.3928 0.1753 631.0719
0.2678 1.0702 529.3526
0.1480 0.2990 459.0747
0.7168 0.4498 185.0119
0.4122 1.3927 915.0180
0.8988 0.0191 373.8605
0.6747 0.5964 234.7327
0.0909 0.6057 173.4648
0.3927 1.8404 871.0942
0.2627 1.3018 559.6445
0.5780 1.0857 384.6888
0.3867 0.2988 18.5411
0.4141 1.7213 939.8826
0.0652 1.7214 904.0812
0.0701 0.2989 79.4990
0.3888 1.3929 131.4856
0.8710 0.3743 724.0129
0.5690 0.3744 73.4200
0.1840 0.9708 807.2818
0.4910 1.5758 742.0410
0.2858 1.2056 53.6977
0.7400 1.9058 904.4127
0.8188 0.5163 681.0606
0.8812 0.9062 268.4444
0.9122 1.3019 565.4946
0.7569 1.6634 942.4256
0.7199 1.3929 654.4220
0.7737 0.7026 383.9187
0.5009 0.5549 771.7651
0.1518 0.3744 679.4799
0.7709 1.7895 370.3182
0.6600 0.9059 409.8260
0.7442 0.6054 981.1085
0.0821 1.6633 343.9336
0.6548 1.8409 780.0326
0.3432 0.8112 686.2383
0.9137 0.5161 43.5669
0.2638 0.4500 449.7242
0.3668 1.5291 88.4454
0.7418 1.1349 646.4419
0.6018 0.8114 929.6017
0.2108 1.4198 192.9057
0.9408 1.2682 284.5710
0.7107 0.7030 570.2039
0.8777 0.2598 875.9716
0.8289 1.6963 559.7950
0.3540 0.5962 113.9141
0.3162 1.0116 173.9551
0.8202 0.7213 142.9990
0.1847 1.5291 697.2943
0.7371 1.1614 949.0820
0.1782 1.6632 72.5733
0.7198 0.6537 173.9885
0.6861 0.9707 285.5555
0.1088 0.6057 688.6018
0.6310 1.3457 871.8028
0.4082 1.0702 8.4687
0.0491 1.3022 72.3561
0.8790 0.8111 372.4020
0.3331 0.7210 339.6036
0.5667 0.2986 568.3315
0.8617 1.6631 344.4345
0.4578 1.9058 991.7986
0.7359 1.8252 640.2339
0.1230 0.7801 489.1816
0.6627 1.0113 869.4998
0.6628 0.3323 847.2480
0.1259 1.6966 618.8910
0.4469 1.6967 821.7305
0.7582 1.2056 46.9063
0.6222 1.9879 311.1154
0.0678 1.2051 365.0246
0.9138 1.6262 960.1165
0.4472 1.9053 713.8493
0.9342 0.9708 10.0348
0.2212 1.9054 496.7065
0.1592 1.0111 530.4323
0.6480 1.5293 640.6501
0.2331 0.8112 635.0519
0.7479 1.8408 211.4270
0.3720 0.0190 259.5564
0.7421 0.9060 19.9504
0.0862 1.9375 335.8118
0.8392 0.3323 576.7923
0.3489 1.6632 69.9812
0.9580 0.5553 564.5280
0.1260 1.8251 282.3112
0.9037 0.9707 190.9249
0.5850 1.0113 39.1694
0.3501 1.6264 699.6897
0.1489 0.9206 794.7917
0.8207 1.9880 264.7959
0.4521 1.0860 302.1590
0.9001 1.8409 104.7631
0.9418 0.3320 171.0462
0.3057 1.6261 741.1951
0.4619 1.5102 564.0312
0.6391 1.3022 898.9785
0.5742 0.7026 521.7450
0.7637 0.2988 130.4791
0.2438 0.0189 525.2446
0.7050 1.6261 728.3759
0.7649 1.0702 553.3716
0.8811 1.3928 71.6447
0.1091 0.7214 653.1854
0.5202 1.6968 851.7448
0.6790 1.9056 455.1701
0.4800 0.1757 195.4147
0.7482 0.8111 214.1975
0.1831 0.4501 625.9317
0.9212 0.6057 712.5719
0.5697 0.4499 730.5688
0.6710 1.6259 936.8350
0.7551 1.5757 929.0501
0.2207 1.6966 261.2066
0.2958 0.4503 683.1013
0.6112 0.0192 109.9844
0.8679 1.6259 492.9148
0.8741 0.0849 320.0153
0.3850 0.1223 323.9808
0.8137 1.5757 176.7102
0.4641 1.7214 64.2722
0.7392 0.7214 493.8086
0.0790 0.5965 895.3472
0.3249 0.5161 639.2709
0.8550 0.3325 92.3734
0.0751 0.7211 579.3194
0.9007 1.0860 268.0629
0.0372 1.3931 536.6766
0.7027 0.2986 16.4328
0.8097 0.8586 274.5315
0.4138 0.2985 209.2956
0.6998 1.7213 748.6157
0.5037 0.9064 257.7819
0.1820 0.1754 296.4056
0.9668 1.5290 42.2566
0.7628 0.9710 660.1154
0.1218 1.0858 34.7049
0.7339 1.5290 753.1051
0.4101 0.6057 940.4920
0.1779 0.9063 491.9590
0.3030 1.5099 571.3003
0.3682 1.9882 590.4123
0.3148 0.3322 852.6949
0.7169 1.5098 94.9269
0.5919 1.5098 484.1625
0.6691 1.9374 749.2794
0.3908 0.5964 220.8748
0.2762 1.3456 428.7387
0.4301 0.7028 915.2336
0.2609 1.1350 802.5472
0.1407 1.3930 38.0357
0.2079 1.6634 765.4259
0.3931 0.9209 616.5576
0.4708 0.8581 158.3675
0.2940 1.8253 157.7586
0.0851 1.8409 693.7644
0.7737 0.6052 913.7115
0.5579 1.3931 727.9170
0.8982 0.7031 666.4362
0.2268 1.3928 69.1937
0.7681 1.3021 591.0915
0.3952 1.0858 395.8442
0.7277 1.4196 532.9894
0.9558 1.6966 737.8695
0.7820 1.0859 80.1173
0.0448 0.4501 667.5568
0.8351 1.7214 740.1285
0.3760 1.3452 722.6960
0.4868 1.3927 963.4240
0.0847 1.4200 452.8168
0.0400 1.8254 98.6490
0.0948 0.3325 593.8394
0.3098 0.5551 281.1476
0.6301 0.6053 127.9887
0.9232 1.3929 412.8295
0.0951 0.0647 381.3430
0.3271 1.7896 77.6439
0.2217 0.6053 666.5980
0.0330 0.5550 960.0263
0.0677 0.2210 828.6031
0.1140 0.1223 669.2585
0.4760 0.8113 324.1616
0.2421 1.5099 999.0938
0.7307 0.2598 700.3174
0.5192 1.2678 165.5878
0.6132 0.8585 687.7761
0.5710 1.9371 343.4193
0.6240 0.9207 609.2358
0.7990 1.1615 459.3496
0.6167 0.2207 23.2435
0.6409 0.0646 71.9670
0.3212 0.7030 520.1710
0.5359 0.9710 321.6955
0.4267 0.7213 114.8387
0.5540 0.4277 120.6632
0.3010 0.9711 578.5245
0.7109 1.0698 399.1168
0.4859 0.3323 150.0589
0.8432 0.6536 683.9945
0.2158 0.7210 79.6201
0.2317 0.2602 778.2956
0.6012 1.2678 114.7375
41 62
234 280
326 304
71 44
499 150
424 73
52 274
382 415
369 92
23 12
54 105
115 69
304 27
294 1
86 179
418 433
114 485
126 316
334 266
206 219
76 255
288 221
130 474
487 348
329 94
54 168
353 307
137 60
70 92
338 61
468 458
493 224
239 410
77 223
179 92
291 169
195 226
322 340
141 379
346 420
102 92
201 165
409 192
161 341
231 1
129 322
193 408
332 319
190 167
138 383
177 167
85 460
9 269
166 107
150 132
305 421
92 118
77 454
324 278
338 53
310 475
281 93
392 45
395 242
29 144
200 303
27 7
339 113
305 344
49 337
439 481
404 180
403 209
47 156
135 206
463 155
447 490
259 283
355 230
365 188
405 488
130 33
8 381
243 151
170 198
498 402
484 356
445 471
80 192
61 376
157 168
244 253
210 133
52 305
32 115
259 470
372 108
304 238
289 335
112 57
277 440
283 35
159 201
313 468
42 47
365 183
23 168
180 361
275 263
19 256
30 228
296 142
97 278
42 107
264 313
230 44
186 199
275 92
54 334
419 237
292 42
240 438
485 210
159 465
158 61
477 80
184 295
167 215
325 217
52 490
37 144
268 211
346 217
162 61
52 476
251 474
355 278
493 253
229 54
230 55
336 442
362 357
200 37
454 99
152 348
336 32
341 396
275 126
137 317
201 54
164 384
279 223
312 35
52 341
393 387
53 61
157 461
296 163
289 184
238 7
339 456
190 83
4 2
367 91
35 154
54 465
357 341
143 400
179 318
285 109
304 270
424 236
302 468
14 65
154 478
491 388
231 414
143 15
446 355
359 370
460 245
170 457
337 152
480 53
477 92
85 245
60 317
36 190
169 103
325 146
405 206
212 178
402 424
51 459
158 362
299 354
109 16
54 200
103 340
448 172
492 357
150 35
305 268
164 419
467 339
128 351
276 101
374 345
156 1
432 219
119 312
251 210
296 112
168 436
166 135
181 164
281 199
454 469
68 198
269 409
221 242
389 296
317 239
5 55
266 320
36 278
487 50
361 6
281 219
141 58
294 231
205 275
440 124
178 232
182 493
415 331
411 222
342 67
388 275
241 298
270 52
433 168
125 157
388 205
64 155
378 251
302 467
256 471
258 394
18 131
52 238
465 165
415 370
418 436
23 157
332 361
349 415
235 320
488 107
309 43
47 107
390 86
447 424
98 254
473 54
92 72
422 20
92 167
321 379
223 454
289 255
427 397
61 280
292 156
454 271
2 331
456 467
226 199
92 468
123 6
17 366
282 374
333 162
336 394
300 312
308 390
31 194
176 459
253 173
411 110
381 284
169 367
173 314
71 179
37 265
223 181
380 271
62 281
449 426
71 185
208 338
277 489
61 431
281 479
77 306
92 454
429 11
326 175
2 387
74 157
189 336
473 401
373 99
251 398
237 359
144 200
391 377
147 424
272 297
475 164
488 254
392 197
36 461
167 394
256 267
125 461
132 427
141 260
364 284
339 167
364 22
235 182
123 121
33 1
224 301
219 298
51 395
377 24
450 349
6 121
481 347
447 52
151 279
29 368
301 246
35 499
62 219
54 249
391 319
249 400
365 412
201 370
6 77
143 372
61 234
483 500
277 100
44 250
374 202
497 54
335 413
406 484
377 332
100 414
182 246
311 92
306 6
362 234
333 61
275 96
179 448
60 168
257 353
116 341
145 359
210 57
376 333
281 417
1 489
218 71
230 92
449 278
197 423
475 30
5 179
362 285
436 90
198 232
92 28
436 375
54 408
186 479
477 297
323 209
346 457
352 52
442 167
193 383
385 227
487 152
277 210
308 64
370 17
367 291
142 54
271 114
336 69
92 469
32 393
301 175
41 195
185 5
398 133
92 281
244 45
343 465
278 467
116 357
179 55
11 139
188 183
398 474
120 152
214 133
229 423
173 392
16 217
328 123
194 331
142 389
288 322
371 360
11 293
218 49
381 423
377 252
370 382
210 398
445 256
260 48
79 385
400 363
463 172
204 315
400 120
362 92
92 86
459 288
367 176
384 469
410 399
92 52
400 425
217 285
77 134
264 468
236 52
370 418
22 295
225 304
184 327
435 70
10 128
204 493
11 496
178 216
328 243
375 60
405 95
471 344
29 489
377 319
260 321
96 61
395 288
92 69
381 197
124 112
54 235
470 119
87 336
274 73
366 34
372 79
405 135
408 497
168 375
299 202
158 480
31 331
159 145
483 176
314 392
176 51
429 76
126 202
335 407
410 331
202 101
244 314
242 44
75 132
222 60
261 290
268 421
226 417
241 478
263 316
269 92
357 325
484 321
323 370
289 9
326 225
171 61
99 371
452 321
482 229
217 497
21 206
324 81
465 462
271 160
39 428
131 175
89 433
457 217
214 92
361 196
181 279
417 195
472 238
54 292
404 319
453 279
86 85
366 310
56 271
92 424
311 228
288 257
80 409
128 451
144 389
21 135
299 245
61 92
478 35
493 233
362 53
202 92
197 173
153 378
362 162
476 352
493 173
188 92
295 284
54 383
165 159
324 36
219 226
92 355
21 474
137 239
356 178
84 255
364 8
92 35
304 19
348 291
186 226
53 191
399 411
337 218
390 299
104 465
203 435
434 48
255 470
207 491
412 13
72 118
237 310
55 44
360 444
314 253
477 421
414 474
401 125
314 45
123 243
207 451
38 353
397 132
338 68
284 8
70 245
122 416
375 411
418 89
418 90
379 329
39 321
169 459
178 406
495 155
117 67
144 368
319 296
24 252
315 197
328 430
401 257
369 230
150 358
62 226
69 118
81 466
206 40
65 484
58 48
433 90
403 310
12 125
86 203
293 255
406 208
104 145
397 82
73 52
379 486
205 96
44 91
353 324
274 424
324 257
210 380
336 258
151 328
435 86
490 147
3 455
121 77
37 122
470 76
236 447
342 229
16 362
19 437
362 346
305 352
384 181
362 492
216 232
307 355
66 154
354 308
414 210
119 92
202 494
92 171
210 92
256 305
421 92
311 30
224 182
415 110
151 77
88 54
140 287
456 113
215 456
140 275
317 87
74 168
255 92
480 362
132 67
401 461
111 476
60 336
174 204
457 497
404 57
359 403
392 229
307 230
349 188
471 297
25 2
486 351
85 70
405 166
353 355
172 155
338 191
255 327
57 444
258 347
360 77
22 293
54 23
105 465
233 174
7 455
222 399
50 291
203 70
325 492
229 75
284 184
287 491
373 454
325 16
269 335
472 52
189 387
83 167
59 21
54 89
122 54
201 359
399 137
303 144
416 156
432 478
282 495
218 179
1 265
322 169
172 64
93 92
232 406
56 114
49 367
198 208
376 234
330 472
18 422
202 58
479 93
216 14
149 167
261 469
489 37
305 445
340 50
163 54
444 134
136 485
117 98
29 124
471 304
51 250
408 3
210 114
347 394
402 362
482 75
204 381
48 141
350 3
230 248
446 466
270 19
486 141
288 473
116 498
52 161
498 341
117 488
403 237
193 138
468 339
174 381
390 172
454 384
466 355
293 496
21 130
386 108
206 281
102 86
209 17
63 463
7 304
27 175
424 396
110 331
133 474
112 29
77 243
395 250
261 92
106 289
372 54
289 92
198 346
444 99
303 389
247 453
139 84
54 127
356 212
293 295
18 477
54 370
247 279
414 294
100 231
325 341
40 474
170 216
419 328
123 196
93 226
438 61
4 331
450 188
189 25
119 255
367 44
493 315
445 344
321 141
431 94
167 72
55 318
9 413
491 128
267 111
390 448
371 454
283 470
174 284
13 213
414 153
35 488
246 320
201 145
54 244
353 288
358 35
337 63
212 484
139 255
9 106
29 277
462 201
83 456
126 28
115 194
406 262
59 40
282 64
331 115
35 309
120 463
165 343
56 210
123 430
334 235
4 239
313 302
439 167
419 181
167 443
367 250
33 47
66 405
342 482
310 228
166 488
478 92
78 275
87 239
449 468
127 322
381 229
301 131
76 273
387 32
44 185
191 68
47 21
127 129
411 415
70 202
193 3
25 336
110 399
475 469
417 199
180 319
272 305
493 197
143 363
305 211
300 119
452 94
460 86
427 150
470 43
253 182
49 152
347 69
132 117
471 225
293 358
34 183
372 345
495 400
362 171
94 207
92 331
311 261
289 413
362 116
439 394
63 172
143 249
455 330
219 241
112 368
160 210
54 67
301 233
492 16
65 54
128 486
128 207
213 366
324 446
294 474
350 217
324 26
477 272
384 223
156 122
61 78
147 73
416 37
380 92
385 372
33 294
47 130
275 491
442 177
269 106
182 244
78 92
275 287
443 336
74 167
228 475
87 2
60 411
109 217
192 289
211 272
358 11
311 188
54 342
305 92
49 91
27 326
102 70
367 500
54 12
254 150
392 54
378 474
249 15
226 478
452 484
79 54
458 264
324 220
132 98
210 46
125 473
52 111
54 425
309 429
391 252
5 44
272 471
411 418
151 247
334 320
267 52
483 367
381 82
461 257
279 419
354 282
471 175
453 77
494 275
188 382
390 460
54 260
393 31
41 281
100 489
14 178
214 210
391 163
226 41
286 456
422 301
430 419
96 240
92 115
104 430
38 221
310 213
92 274
441 429
367 51
48 79
140 202
381 397
464 92
420 362
325 350
94 262
379 10
54 296
262 452
477 422
466 324
113 149
136 114
52 396
177 60
206 298
343 462
364 397
158 162
42 117
413 269
94 451
429 35
262 61
407 269
212 406
240 275
10 94
254 499
469 30
416 265
195 281
47 1
39 260
385 345
276 202
306 361
210 378
84 11
330 161
202 316
390 354
385 374
271 136
500 169
465 145
267 437
216 54
348 49
290 30
227 434
232 170
473 12
54 391
69 32
54 487
266 27
74 177
309 76
426 468
35 259
303 142
277 46
202 263
246 175
269 464
428 321
278 458
66 35
330 52
428 484
431 207
243 121
202 245
306 180
108 345
191 362
323 359
235 244
81 355
363 495
92 278
425 120
224 233
92 312
95 66
275 101
241 432
382 183
38 307
34 213
488 95
149 456
103 291
28 275
54 156
331 349
387 331
228 412
135 47
270 437
69 258
297 131
19 471
380 160
66 298
317 336
83 215
279 328
411 370
293 327
239 331
482 67
360 134
409 289
474 281
352 256
282 386
146 161
437 52
425 152
278 426
220 355
255 441
31 32
497 350
101 140
63 218
202 227
103 322
79 260
368 296
242 230
339 302
79 434
278 286
291 487
136 373
292 67
351 141
18 301
167 468
72 481
238 270
246 235
202 434
391 187
188 331
453 223
202 385
108 282
168 177
43 283
337 463
88 193
424 341
34 13
129 288
256 476
218 448
252 105
275 276
54 303
363 386
488 42
28 202
249 425
455 350
442 60
187 319
58 434
252 54
7 3
456 278
84 429
252 123
61 480
355 26
273 429
490 424
443 394
54 15
134 404
266 7
42 67
280 362
362 498
43 76
460 299
248 369
450 382
362 376
275 316
296 404
3 148
123 104
315 381
332 180
344 272
90 168
214 474
341 402
297 18
54 322
263 494
98 488
160 56
33 474
493 174
444 210
354 202
20 301
369 179
75 381
178 65
8 397
82 75
149 215
377 196
167 461
418 375
167 113
175 225
207 388
218 172
478 298
439 347
444 485
153 474
331 399
330 7
71 49
92 226
448 86
32 194
306 404
210 153
440 46
311 365
228 213
373 485
148 138
330 350
184 192
452 406
443 442
221 353
52 147
346 191
230 38
379 452
152 54
400 463
122 200
264 278
412 34
24 196
282 363
301 192
477 269
497 3
192 20
155 400
61 406
97 449
427 22
298 405
137 222
473 127
205 431
456 190
68 346
277 414
123 465
32 189
34 370
311 412
150 98
372 386
226 432
271 92
364 295
128 202
224 246
300 259
373 444
185 179
187 296
247 77
441 273
61 208
206 59
74 461
446 220
477 20
334 383
491 202
452 329
459 500
297 175
496 139
479 226
298 154
296 57
248 179
361 123
190 461
334 138
65 428
278 220
1 100
118 481
289 464
248 318
227 79
313 278
370 183
80 269
337 120
138 266
377 361
268 477
482 132
61 94
10 329
426 92
167 481
289 407
12 157
438 78
407 464
327 289
423 392
35 95
37 1
282 345
64 495
295 327
148 266
372 15
54 462
280 171
26 353
166 47
202 351
440 57
454 360
170 346
85 203
68 208
46 57
459 483
37 29
54 45
137 410
288 401
475 384
362 109
47 292
65 356
35 300
419 145
395 44
284 233
368 389
444 371
419 310
136 454
148 193
395 459
40 281
350 146
39 65
54 340
412 183
286 36
288 242
282 202
408 88
26 81
275 438
403 323
13 228
331 393
293 150
403 366
7 472
397 22
119 259
362 333
25 87
291 49
17 34
123 105
57 124
255 273
106 409
362 424
383 88
190 286
124 277
172 308
89 370
457 54
209 370
58 351
444 404
474 59
27 246
451 10
82 132
477 211
80 20
494 276
163 187
290 469
290 311
202 287
322 459
54 14
39 54
450 415
461 324
43 35
256 111
474 92
123 24
256 437
71 91
265 156
468 97
281 186
486 10
184 233
431 388
97 458
430 145
216 457
61 205
427 293
161 325
363 372
102 435
230 318
217 420
419 475
84 441
54 50
488 499
192 233
7 148
87 4
255 496
27 320
134 306
54 433
366 209
208 232
50 103
343 201
221 230
473 129
2 189
240 61
11 35
347 118
302 278
308 282
146 330
236 396
237 145
420 285
