500 1400 3 99 338
990.8989 633.3355
0.1402 0.3140 574.9999
0.4302 0.3142 132.2386
0.3699 1.7762 875.9133
0.6651 0.6361 81.1732
0.4859 1.7763 306.8406
0.2482 1.9629 509.9482
0.9269 1.1267 747.3753
0.8847 1.7762 915.3329
0.9472 0.8525 985.7657
0.4589 1.2818 507.9504
0.9552 1.1987 699.1709
0.4218 1.8382 436.1041
0.2739 0.0848 996.8016
0.0607 1.9631 295.5034
0.7300 1.6207 615.8815
0.1761 1.4335 774.1708
0.3109 1.2823 293.9928
0.3291 0.6361 77.7873
0.6589 0.0849 562.9016
0.2000 0.9535 381.0286
0.3561 1.8942 54.3608
0.1197 1.1264 923.6768
0.3292 1.9631 22.8302
0.2498 1.5695 330.1776
0.4608 0.3542 432.6763
0.0490 1.2486 563.3131
0.8017 1.8941 659.9032
0.0431 0.9060 636.4732
0.5028 1.5691 427.4524
0.2882 0.9539 452.0029
0.6990 1.9632 108.5492
0.1312 0.9063 362.7192
0.7392 1.1266 33.3741
0.8662 0.9064 62.4261
0.5050 0.0850 209.6130
0.7679 1.1266 226.9592
0.0521 0.0850 511.3030
0.3450 0.9064 410.6308
0.2227 0.4773 565.1352
0.8610 0.1680 911.3307
0.9668 0.0848 251.9673
0.3050 0.9538 363.3670
0.2547 0.0847 42.2065
0.7261 1.9628 863.9398
0.1689 1.5086 973.8899
0.4931 0.3141 67.4496
0.8220 0.7865 40.6117
0.6499 0.9061 530.0213
0.7670 0.3139 995.0873
0.4548 1.6734 91.2721
0.5588 0.1677 697.9683
0.6330 1.1991 457.5052
0.1731 0.4554 483.4380
0.8089 1.6207 532.4578
0.7370 1.3372 855.2133
0.6030 1.1990 179.6201
0.6242 0.0846 68.6116
0.8792 0.4555 626.9614
0.3781 1.4334 850.3920
0.2209 0.9540 10.9499
0.2032 0.0614 701.2292
0.5909 1.7766 644.4105
0.4860 0.2480 904.9665
0.8211 0.9538 824.4821
0.4448 0.4773 980.8383
0.1817 0.6363 112.7198
0.8250 1.5082 854.1980
0.4041 1.8943 704.9489
0.3447 1.1991 621.0482
0.8978 0.7861 909.6716
0.4571 0.0613 373.4707
0.7978 0.0848 331.6499
0.1858 1.6203 104.8094
0.3559 1.5694 892.7823
0.3771 1.6202 38.0488
0.7750 0.2482 623.8957
0.8609 0.4774 198.8978
0.7448 0.7860 122.8742
0.3307 1.6736 659.0755
0.0402 1.5690 147.4387
0.0957 0.9539 963.9173
0.4519 1.1267 115.7161
0.4671 0.9537 513.9446
0.1890 1.0328 704.3645
0.3120 0.4556 60.0279
0.6121 0.2481 946.8888
0.4767 0.1680 734.5706
0.6690 1.5690 304.3296
0.7167 1.6733 652.6326
0.2287 0.1680 602.4494
0.2909 0.9064 492.3851
0.9522 1.9629 760.3463
0.1201 1.5692 771.7176
0.0919 0.4776 568.0625
0.3598 0.0614 984.1643
0.4191 1.5082 950.5192
0.7262 1.5081 507.4225
0.4768 1.8944 272.0676
0.0709 1.1269 376.2611
0.2522 1.0325 277.2226
0.1149 1.0323 451.8275
0.8169 0.6359 450.0701
0.1099 1.8945 864.3269
0.0841 1.6734 874.0826
0.4091 1.1990 189.6322
0.0772 0.2485 40.2709
0.1832 1.2822 591.5948
0.7950 0.6361 174.7048
0.7108 1.8944 536.3982
0.1397 0.1677 913.3169
0.0878 1.7763 575.2981
0.7570 1.5085 272.6277
0.5462 1.6734 525.6750
0.8359 1.1989 537.8246
0.4812 1.2819 883.5747
0.5358 0.6359 902.6984
0.9359 0.3137 678.9970
0.8679 1.9633 615.1477
0.0390 0.3140 707.2561
0.9139 0.2480 180.8326
0.9318 1.8943 669.3109
0.3098 0.2481 960.3210
0.0637 0.3544 284.7127
0.7367 1.6735 741.1029
0.6489 0.0612 401.7569
0.8657 0.5982 271.4332
0.9128 1.2821 850.7676
0.5957 0.9065 627.2642
0.4562 1.6203 870.8820
0.2142 1.9628 289.6539
0.5092 1.1269 157.3688
0.4257 1.0324 555.7863
0.0781 1.3375 790.2611
0.3349 0.0848 359.7702
0.6871 1.3374 281.0010
0.3819 0.2480 854.7019
0.7278 0.9538 71.2825
0.8432 0.6361 474.4509
0.0690 0.4557 649.3609
0.6758 0.0849 27.9284
0.1437 1.5086 830.9848
0.8219 1.2822 733.6413
0.9001 0.0611 884.4168
0.2147 0.0847 11.4638
0.5767 1.5086 102.4627
0.8662 0.4558 935.2909
0.1208 0.3541 893.5006
0.2851 1.5084 770.1985
0.4341 0.6363 326.1634
0.9109 0.1678 883.6434
0.1357 1.8942 248.3776
0.5768 0.0848 389.1913
0.9541 1.6202 222.8907
0.3397 1.3374 819.5652
0.1870 1.2487 928.9284
0.2300 1.8945 311.0708
0.6020 1.6737 124.6217
0.7848 1.9633 742.4717
0.4799 0.9535 38.7613
0.5359 1.5692 494.0765
0.3002 1.7764 556.0733
0.7349 0.3542 13.5342
0.5632 1.8944 422.2336
0.4958 1.6204 565.3243
0.8478 1.2818 94.3236
0.1630 0.9063 395.4391
0.7127 0.1679 450.6417
0.1851 0.3138 904.2201
0.8439 1.7767 740.6796
0.8592 0.7261 55.6542
0.2328 0.3137 302.9542
0.4999 1.8940 765.3976
0.7700 0.1680 488.2931
0.1591 1.5695 235.6632
0.6971 1.1987 22.3363
0.2962 0.4775 577.5439
0.5441 1.4335 45.4188
0.8787 1.3373 625.7508
0.3319 1.4332 915.0862
0.2422 1.3377 669.9402
0.1457 1.3375 143.5099
0.8772 1.1987 851.6105
0.6662 0.3543 223.5182
0.2441 1.8942 245.0901
0.7579 0.9537 379.6289
0.1989 1.7762 580.1570
0.1031 0.8527 218.9623
0.4198 0.0611 269.1405
0.8008 0.3137 344.7117
0.1399 1.1988 301.1204
0.4052 1.1269 622.7980
0.0907 0.0850 451.3578
0.6618 0.9538 271.9635
0.8781 1.8377 153.0790
0.6552 1.2820 707.8288
0.9487 0.0612 322.7360
0.3597 1.6738 787.3377
0.2832 0.8527 88.7703
0.7062 1.0328 20.1431
0.7010 1.4335 884.3903
0.6162 0.1680 640.3672
0.1502 0.5981 941.5876
0.6217 0.3137 755.0419
0.9080 1.5691 52.4797
0.9209 0.6362 346.9475
0.9041 1.5083 460.3807
0.5350 1.1988 578.4464
0.3947 1.9628 447.0267
0.2477 1.7766 32.3234
0.6008 0.4553 943.0349
0.1149 0.4774 547.8433
0.3352 0.3545 671.1163
0.9667 0.6359 826.8402
0.0958 0.5983 886.7739
0.0819 1.1264 412.0688
0.0859 0.3142 395.8079
0.9388 1.6737 973.2873
0.2421 0.7261 691.2513
0.4438 1.7764 335.6550
0.4288 0.1678 908.6864
0.7967 0.2485 913.6498
0.0838 1.8378 84.3184
0.1589 1.2482 944.1327
0.4617 1.5085 540.3776
0.8757 1.1265 836.0439
0.1652 0.7265 957.1707
0.0779 0.0616 903.4094
0.6322 1.5085 69.9061
0.9622 1.7764 57.4414
0.2118 1.6203 776.6124
0.2657 0.4553 135.2862
0.3092 1.1268 899.9443
0.1498 0.0850 18.2163
0.7541 1.6207 435.7545
0.3170 1.1991 884.8096
0.1627 0.9537 126.6372
0.3972 0.6361 887.7579
0.2530 1.2819 364.7937
0.4349 0.2480 704.4607
0.4707 1.9631 257.4845
0.6598 1.1269 164.6448
0.7207 0.6364 682.2604
0.8857 1.5694 865.5651
0.6382 0.9537 82.3862
0.1538 0.6360 622.6456
0.9350 1.5082 670.4116
0.4172 1.5692 569.6190
0.0601 0.1680 719.0303
0.6210 0.5986 953.3392
0.0000 0.0000 837.5243
0.4521 0.5982 214.0574
0.2047 0.5982 12.2004
0.6620 0.3142 71.1906
0.2877 0.6363 125.3484
0.2868 1.1267 486.0482
0.1342 1.7767 27.7483
0.0397 1.2823 935.9762
0.5627 1.2486 541.5646
0.5752 0.9535 941.4899
0.5502 0.6361 154.5091
0.3771 1.2484 858.0505
0.0971 1.1990 15.5728
0.5889 0.7861 14.9460
0.8302 1.5690 716.2367
0.1060 1.4336 263.0669
0.4008 0.9536 351.6059
0.0597 1.4333 685.3919
0.7922 1.4333 47.9402
0.3689 0.9540 369.1972
0.7607 0.0850 318.7648
0.2560 1.5084 895.3901
0.4367 1.2483 557.7915
0.0397 1.1991 649.8111
0.0900 0.2483 743.9682
0.8829 0.0846 343.5008
0.8789 1.9628 907.3361
0.4630 0.9060 897.2194
0.5327 1.6202 273.5987
0.2860 1.5691 409.2467
0.3920 0.3137 604.2646
0.7709 1.0324 473.9111
0.6269 0.6359 398.6503
0.0942 1.2823 287.4604
0.5041 1.3376 444.0753
0.6439 0.1675 571.0003
0.3799 1.5081 226.9676
0.1988 0.7861 116.2484
0.5508 0.3544 603.5006
0.3272 0.4775 664.4605
0.6859 0.6361 949.4441
0.7422 0.9060 943.4486
0.3890 0.7261 453.5817
0.7218 1.7766 905.2661
0.2508 0.5981 709.5042
0.5399 1.5084 162.8870
0.4419 0.7266 132.7287
0.7389 1.2483 577.8985
0.4560 0.4556 998.2128
0.9207 0.7262 502.6080
0.8389 1.0328 390.2944
0.6649 1.3372 726.8933
0.7780 1.2485 5.2173
0.2692 0.3540 643.4452
0.6499 0.7264 271.8656
0.9097 1.2486 471.4827
0.9112 0.9540 895.5784
0.1772 1.3373 149.8121
0.8169 0.5982 290.4566
0.4069 1.7767 238.6301
0.1139 0.6360 917.5008
0.4457 1.1988 565.1840
0.1842 0.3542 248.4951
0.2071 0.6362 535.6711
0.4598 1.0328 692.3956
0.8738 0.3544 201.2973
0.2920 0.3138 89.5789
0.2487 0.7860 907.0993
0.1929 1.1264 948.6855
0.6227 1.3375 41.1421
0.4622 1.3373 361.9811
0.8988 1.6207 682.0086
0.5038 1.8382 382.0442
0.7207 0.3543 65.4027
0.4807 1.2487 558.6234
0.9551 1.3375 553.9902
0.8431 0.0850 913.4171
0.7609 0.0616 232.9908
0.4007 0.1677 895.4054
0.9051 0.5983 24.1374
0.8122 1.1988 985.1197
0.6040 1.9631 935.1452
0.7628 0.4775 257.2829
0.8900 1.1267 186.6750
0.6732 1.6204 540.2832
0.0631 1.7762 678.2044
0.9220 0.3544 919.3578
0.9300 0.9535 839.7541
0.2350 1.4336 502.4388
0.1822 0.2485 899.0970
0.0721 1.8941 96.3674
0.2627 1.6735 991.1659
0.5937 1.5694 66.4206
0.2451 0.2481 269.2082
0.6581 1.8944 844.1455
0.1200 0.1675 658.6298
0.0322 1.5085 521.1319
0.6700 1.8379 759.7340
0.4641 1.4332 259.2134
0.3311 0.7863 399.4926
0.2170 1.1989 352.6495
0.4128 0.3540 289.1985
0.4968 0.6361 156.0824
0.2538 1.4337 395.0379
0.2221 0.0613 627.4898
0.3677 1.1269 243.1914
0.5118 0.0615 887.0066
0.8519 1.6734 772.4568
0.3408 1.8941 312.1525
0.3851 1.2819 19.6248
0.6939 0.3138 303.9802
0.8311 0.8524 203.3088
0.6709 0.4773 386.4184
0.0551 1.3375 873.7558
0.5708 0.0614 486.9225
0.6580 1.4335 531.8067
0.5060 0.2480 734.1723
0.7381 0.4557 105.7950
0.1989 0.8526 952.0027
0.8188 1.3376 880.4307
0.8731 0.9535 427.6633
0.5661 0.7265 445.3194
0.3538 0.1675 657.3899
0.6137 1.0326 653.5236
0.8187 1.1269 409.7339
0.8881 1.2485 375.2857
0.2639 1.6204 699.6158
0.5618 0.9540 207.6295
0.1592 1.6734 120.7031
0.6492 1.7764 418.4972
0.6441 1.1268 786.1613
0.8961 1.4333 493.5161
0.7349 1.5694 131.0320
0.0589 1.6205 400.0649
0.5431 1.1269 550.7226
0.5600 0.3141 818.2064
0.6008 1.3372 528.9062
0.1297 1.8381 305.0144
0.7811 0.8525 620.5939
0.4728 0.8527 315.9211
0.7048 1.2822 991.6157
0.0557 0.9536 695.3817
0.4799 0.7266 879.6113
0.8247 0.9064 251.1401
0.7817 0.7264 133.3767
0.0749 1.0324 308.2837
0.2919 1.3374 871.2307
0.4387 0.9065 113.2429
0.3322 0.7266 601.3685
0.4009 0.7860 873.9671
0.8260 0.0612 343.2352
0.2311 0.9063 66.2172
0.4750 1.1988 747.6145
0.5438 0.0847 242.5615
0.6551 0.2485 146.7679
0.8742 0.3140 738.4727
0.2850 1.2487 559.4480
0.5607 1.7766 218.3106
0.2132 1.8377 25.7803
0.5059 0.1677 85.5817
0.7920 1.3375 336.5082
0.9438 1.0325 655.8283
0.5421 1.9630 950.1902
0.6352 1.9629 895.3550
0.4767 0.3540 228.2125
0.6022 1.4333 337.6157
0.7190 0.7262 125.8326
0.8321 0.3140 334.7392
0.2832 1.9633 321.8455
0.9101 1.3373 104.0926
0.4752 0.5983 394.2764
0.5007 1.9633 75.1242
0.6110 1.8379 169.4548
0.3229 1.0323 243.4628
0.1497 0.3542 931.6434
0.6848 0.9062 435.9021
0.6818 0.7862 270.9756
0.7350 1.2821 90.3777
0.8557 0.2485 729.5751
0.5372 0.7863 412.2949
0.7429 0.0846 860.3034
0.0630 0.7262 307.6739
0.3028 0.0848 870.6641
0.6022 1.1268 11.1985
0.5108 0.9061 795.9694
0.7091 1.7764 825.6583
0.4680 0.0849 384.5720
0.3737 0.3141 972.2741
0.0937 1.6206 736.7306
0.6009 0.4775 495.3398
0.8007 0.3543 142.5180
0.0557 0.6363 466.7320
0.8907 0.7265 270.6001
0.6892 0.2481 638.8117
0.7957 1.7764 520.9692
0.5808 0.8529 954.0769
0.9431 0.4774 400.6362
0.5352 0.4776 577.7310
0.5947 0.7261 355.8226
0.1769 1.9629 893.6851
0.3548 0.5982 986.1906
0.8092 1.8378 389.4692
0.5531 1.3375 74.9936
0.3679 0.0850 802.3827
0.9080 1.8942 584.9475
0.5962 0.5982 886.7503
0.8237 0.3545 958.1690
0.0841 1.9630 338.5168
0.6091 0.3542 277.2064
0.6760 0.8525 582.1292
0.7322 0.0616 80.5358
0.6922 0.5981 667.4278
0.1991 1.3377 545.9421
1.0000 0.0000 489.7475
0.4882 1.4336 28.4210
0.3227 0.3543 861.1419
0.7332 1.1988 552.6487
0.2732 0.6361 332.3888
0.2617 0.7263 166.5579
0.6539 1.2486 742.4277
0.6918 0.4774 249.2392
0.3350 1.6202 25.3034
0.6819 1.0325 365.9897
0.5618 1.0328 369.9647
0.6359 1.8940 810.8706
0.3970 1.3376 917.2400
0.3290 1.8378 420.3362
0.3539 0.8527 552.9089
0.1178 0.0614 312.2015
0.6270 1.6202 343.0231
0.3040 0.1680 377.5329
0.1149 0.0847 960.1436
0.8400 1.8941 996.4766
0.4077 0.0846 627.0192
0.3839 1.3375 581.6654
0.5571 0.4557 832.7133
0.2918 0.0612 656.6494
0.3887 1.8377 649.5447
0.9261 0.9060 143.8122
0.9092 0.0846 904.9153
0.9289 0.1676 475.3090
0.1199 0.7264 396.1582
0.2637 1.1991 121.1125
0.2437 1.1266 493.0247
0.5651 1.2820 242.8463
0.0751 0.7860 271.7900
0.9087 1.8378 881.1534
0.8227 1.4333 230.6877
0.1718 0.1680 914.8082
0.7828 0.1678 215.4854
0.9612 1.4335 309.5611
61 403
418 23
175 380
90 13
218 441
253 183
232 255
143 400
162 189
448 352
423 241
3 104
204 67
101 395
376 230
114 333
477 389
211 139
308 446
356 270
310 245
76 499
145 228
366 86
429 448
401 259
255 395
438 104
474 331
267 271
83 266
152 87
311 402
42 84
47 361
387 186
106 90
277 445
374 472
380 423
128 185
286 148
413 125
158 196
484 267
137 193
240 208
171 123
80 73
453 480
50 15
26 273
223 155
369 142
403 478
177 295
173 270
166 259
473 33
220 328
60 20
472 185
163 412
468 310
478 130
395 318
305 11
304 426
315 405
4 282
420 251
239 201
395 493
491 431
325 268
343 316
174 129
410 200
497 206
18 254
466 175
338 271
139 465
467 214
286 59
472 244
487 27
150 490
96 29
421 163
371 317
443 49
386 415
447 439
129 75
242 304
329 446
312 424
213 205
144 345
275 143
373 473
20 28
337 463
330 466
298 485
133 267
326 275
356 240
224 464
84 380
145 295
453 134
489 275
458 53
140 486
475 484
298 332
127 325
120 405
320 353
10 272
492 26
214 94
305 127
448 304
196 92
229 463
377 32
284 238
263 426
380 241
417 221
483 453
25 46
395 131
254 467
384 402
356 72
308 461
309 476
19 354
441 226
308 102
269 266
407 487
215 99
388 393
415 145
395 22
385 414
201 122
234 54
106 345
153 124
431 495
189 417
72 270
234 342
199 225
293 444
252 294
183 323
154 107
304 352
188 270
95 486
56 207
434 277
416 78
335 250
154 396
370 306
352 116
404 253
451 229
70 463
274 106
303 139
260 251
388 459
493 492
427 142
333 225
106 119
47 388
26 107
54 88
463 325
11 302
283 363
401 477
372 436
45 141
68 6
147 424
454 322
100 423
281 306
423 377
193 244
246 204
28 81
199 370
138 205
81 395
216 119
446 146
73 230
381 206
231 85
487 62
174 376
279 45
436 478
231 439
500 206
123 250
94 250
361 388
31 27
394 78
384 207
293 435
51 343
254 214
187 368
32 28
495 218
147 139
371 392
154 267
224 160
222 163
230 104
222 68
338 320
138 102
80 230
497 112
459 434
77 455
139 39
311 105
392 495
23 172
408 387
490 463
270 51
71 270
450 352
321 264
418 61
48 128
288 203
119 123
91 38
146 58
178 369
197 15
179 452
256 111
190 262
15 247
229 217
461 108
85 298
393 337
113 444
223 359
420 455
5 487
333 411
374 373
436 328
96 224
351 280
187 429
150 40
323 253
61 6
169 347
227 130
98 68
448 399
237 292
311 384
417 428
348 286
77 367
217 357
336 463
429 368
107 475
362 231
433 56
195 319
294 450
233 227
222 358
420 290
139 289
111 335
181 107
380 466
110 144
364 331
287 392
207 433
408 161
499 72
95 23
139 312
4 290
188 430
409 87
135 142
104 378
157 321
37 227
142 319
315 117
112 365
292 398
109 27
203 414
80 93
465 437
119 274
84 101
303 465
273 99
77 332
446 463
276 121
61 57
440 456
347 8
115 324
241 330
106 480
104 376
25 139
410 365
370 291
454 482
135 301
2 239
10 324
189 456
86 167
462 180
337 306
417 405
52 56
324 258
113 50
463 329
173 167
76 49
239 136
276 118
41 490
188 71
101 380
198 32
150 275
195 390
350 26
141 346
482 27
433 380
474 413
211 94
478 453
53 231
433 395
78 459
179 59
11 297
17 284
185 48
147 123
295 415
403 35
386 365
365 55
66 313
237 149
200 178
344 487
143 489
293 197
451 194
285 366
395 191
132 259
420 260
104 293
485 332
42 269
114 33
304 4
248 233
466 469
256 222
99 350
437 424
216 339
28 391
353 338
364 356
179 286
384 433
181 283
196 41
112 264
50 197
237 214
395 250
104 186
350 215
21 222
131 311
7 333
148 271
320 238
31 44
497 381
317 187
12 293
318 493
107 462
345 110
447 294
211 39
481 248
454 347
427 305
124 357
171 339
122 136
28 83
497 268
243 153
421 240
413 31
138 126
138 170
157 444
132 423
146 456
143 158
405 428
214 18
23 208
209 104
177 452
176 139
479 334
14 457
104 379
370 64
15 234
347 229
61 354
155 406
84 269
477 263
66 214
346 250
247 29
300 225
135 55
483 478
250 495
412 364
443 404
244 259
387 209
140 409
284 359
349 448
81 391
464 348
173 443
21 6
346 93
291 393
87 339
492 255
96 160
344 109
263 198
372 106
360 253
14 184
17 359
300 411
2 46
164 24
196 118
356 71
94 202
292 296
358 14
445 78
483 480
124 89
412 331
283 257
139 94
110 498
478 227
114 330
87 57
89 157
30 395
229 194
496 463
419 325
21 130
381 500
463 299
199 281
235 355
222 344
397 38
474 344
413 109
322 293
417 76
139 288
224 177
114 182
319 115
417 456
45 271
93 376
445 397
115 386
418 98
473 36
258 115
340 250
365 97
237 18
33 36
436 35
234 247
449 21
39 252
16 475
42 28
187 349
224 348
116 450
274 220
106 498
238 26
386 319
182 11
43 90
283 26
187 399
108 102
253 458
113 157
389 445
430 270
383 438
309 219
326 125
128 434
365 145
131 82
410 55
191 69
108 249
468 495
88 342
106 250
86 404
206 204
69 82
161 104
284 452
342 295
473 244
223 105
309 3
58 315
280 2
272 324
232 235
191 355
467 313
30 60
463 213
288 253
153 463
371 352
347 451
117 336
492 215
69 235
443 76
438 80
26 262
285 201
449 227
460 44
390 427
487 379
342 145
427 319
445 459
472 373
473 314
366 167
348 59
198 401
399 349
297 114
232 355
332 455
489 490
294 65
167 285
427 375
27 44
278 164
247 271
31 109
4 420
430 140
127 419
239 63
323 231
340 14
1 339
409 57
288 458
433 52
497 67
321 124
279 334
245 468
77 446
437 316
13 432
285 270
212 139
9 47
136 2
318 492
178 419
307 107
283 107
242 290
495 398
338 148
375 195
200 369
250 273
202 252
482 44
269 28
461 249
416 394
304 282
375 494
344 387
115 10
230 93
114 469
89 169
315 456
85 323
341 15
156 151
108 455
320 284
128 137
138 416
442 170
152 328
261 272
130 449
367 210
304 116
388 78
305 375
267 307
298 440
30 101
252 211
193 397
455 470
480 436
41 489
14 156
423 159
152 403
319 494
493 255
359 10
222 184
180 267
24 279
83 159
119 250
389 263
463 117
228 97
86 203
435 104
384 131
88 145
227 13
297 115
411 7
332 85
326 327
67 112
328 274
153 321
149 294
437 312
412 356
5 407
108 416
149 450
293 378
92 276
310 218
126 446
24 346
270 499
209 186
342 160
33 241
331 413
313 292
162 323
463 9
426 445
63 366
12 322
463 305
162 440
352 392
60 395
273 262
41 463
251 450
148 179
123 316
292 245
334 24
303 437
467 292
167 270
217 463
280 136
63 385
104 73
27 12
144 43
263 448
479 341
403 328
179 353
296 495
484 154
136 201
214 202
401 389
82 105
161 3
365 319
83 32
442 70
463 196
219 5
481 233
322 482
468 398
445 91
395 232
341 378
229 89
121 118
13 43
302 375
354 418
168 339
126 205
337 281
360 443
126 308
454 422
325 500
367 146
137 277
361 488
395 20
201 343
271 265
63 201
9 70
414 139
360 162
44 125
156 222
85 162
345 248
249 446
240 163
310 214
215 22
339 274
299 442
408 344
201 270
256 186
108 242
212 351
183 53
174 346
186 222
79 293
447 450
237 202
181 133
414 25
47 170
279 74
260 304
277 397
402 155
395 236
104 219
442 205
19 61
489 150
341 278
104 75
189 440
24 479
49 189
437 212
147 437
421 356
337 34
36 374
104 278
318 22
66 245
428 221
274 372
392 149
337 411
225 114
324 175
61 130
115 494
365 135
379 435
344 476
353 148
122 316
458 183
499 173
250 441
279 15
102 416
141 279
495 491
250 214
222 151
21 68
400 326
480 90
204 153
95 188
469 297
272 207
305 165
104 335
208 188
471 104
110 106
111 104
176 289
398 245
222 335
404 167
67 206
332 470
485 210
426 389
37 192
339 343
276 196
444 169
58 446
362 420
133 283
326 72
336 315
402 261
485 440
252 149
174 471
472 64
138 442
97 112
370 393
28 250
166 198
386 452
455 249
462 267
29 160
430 95
488 337
225 374
139 447
415 365
496 229
380 100
267 346
385 239
218 468
252 289
265 267
486 23
271 74
40 275
338 475
452 348
98 222
448 317
176 252
250 104
386 177
181 307
240 172
66 292
38 445
126 213
343 122
174 75
163 474
476 408
480 372
450 260
198 477
432 134
340 103
170 394
35 478
25 351
3 408
146 315
51 409
46 385
346 80
401 91
326 40
165 419
187 28
447 251
466 258
441 431
419 200
497 325
260 282
75 471
124 229
166 401
111 222
159 100
238 107
139 424
459 277
60 28
10 155
469 330
233 345
137 185
52 380
265 16
404 203
292 18
200 325
175 52
416 304
393 34
28 30
451 454
105 131
63 285
53 139
380 395
301 319
400 327
51 201
223 69
347 422
280 437
14 227
222 474
224 295
200 112
151 103
363 250
11 463
250 187
463 204
382 264
143 196
10 223
78 47
265 484
241 314
115 469
351 2
293 341
492 350
447 231
227 134
379 62
180 107
90 134
216 1
456 367
363 133
257 250
354 486
198 368
27 322
243 204
164 174
104 407
432 90
17 26
91 259
254 292
220 87
484 16
163 172
263 429
314 132
120 463
117 405
317 392
243 67
242 455
250 222
58 336
365 228
44 158
54 382
325 381
240 71
327 460
460 326
99 250
309 408
373 244
54 321
250 383
263 304
104 256
235 26
244 38
70 47
362 470
182 333
14 151
352 149
353 284
15 79
279 346
499 326
96 286
185 425
99 190
86 385
76 173
99 395
235 255
411 463
441 310
231 183
463 121
349 317
320 475
173 404
354 140
158 400
446 455
78 426
235 492
246 500
166 377
116 260
438 73
235 223
177 464
9 361
436 483
292 149
121 454
177 415
88 234
463 127
266 28
123 139
476 487
94 252
223 26
236 28
234 160
231 332
347 293
369 165
93 174
306 393
69 355
180 396
207 402
409 19
344 413
308 108
165 142
104 164
496 194
140 19
15 334
226 491
184 358
137 434
449 358
112 243
81 236
364 326
24 278
89 444
261 406
1 168
312 303
487 12
429 399
150 221
122 437
444 347
189 76
446 461
178 165
104 383
168 123
430 486
253 162
203 253
50 444
193 277
172 208
495 287
171 343
212 465
234 113
329 213
251 439
222 172
262 99
142 301
118 158
272 56
339 220
488 463
209 161
114 374
150 428
125 364
43 227
203 385
58 463
246 206
61 478
363 267
88 228
1 123
309 104
194 121
134 480
268 112
304 108
82 395
299 70
239 46
397 244
153 264
291 64
457 358
187 495
227 250
200 268
62 104
348 96
365 200
289 65
164 129
334 341
250 139
250 431
40 499
97 264
210 332
5 104
463 7
190 26
447 65
412 421
193 472
420 282
443 253
441 491
214 441
357 153
17 238
157 234
236 20
499 221
278 479
137 472
259 38
231 470
89 321
8 89
258 469
113 15
32 159
185 64
8 169
34 361
378 278
49 360
267 141
127 165
391 395
359 452
47 394
463 246
402 406
74 247
410 369
353 452
377 159
356 326
428 120
228 382
77 146
6 418
279 271
293 487
40 221
171 168
464 452
291 388
92 121
387 222
76 221
243 264
242 420
281 300
98 6
175 258
16 271
220 152
28 198
172 98
299 205
100 84
408 209
192 227
445 401
15 74
190 350
420 439
396 107
79 197
80 250
250 267
259 377
329 126
384 395
227 453
144 498
92 463
409 339
158 454
457 449
234 29
62 407
171 316
358 21
317 287
213 299
197 444
471 376
494 297
44 400
250 26
463 500
311 155
241 466
250 391
83 84
8 229
144 233
341 79
320 107
432 227
308 138
422 322
175 272
19 57
286 29
363 257
10 261
44 327
382 97
448 371
207 261
195 494
375 11
64 425
14 250
481 192
223 311
328 372
37 248
473 241
218 226
123 216
32 166
462 307
382 88
291 425
2 25
425 459
250 248
362 439
338 16
160 295
297 302
244 314
490 428
156 184
215 395
39 176
6 130
472 370
125 460
287 187
54 264
457 227
417 315
495 226
487 219
172 418
437 351
132 241
288 53
95 208
199 472
413 364
114 36
390 319
42 30
120 490
488 34
392 296
152 57
288 414
267 181
250 37
425 48
182 7
300 333
31 125
191 82
267 45
293 422
105 69
174 24
498 90
