500 1400 1 301 61
225.9742 884.2657
0.4859 1.6550 621.1820
0.4850 1.9442 590.9691
0.1172 1.2687 466.9936
0.7892 1.2687 785.7147
0.6858 0.3632 169.3728
0.1118 0.9677 516.0327
0.3318 1.4972 634.6754
0.4848 0.4750 895.6706
0.9381 1.1758 100.2846
0.8347 1.8485 593.7146
0.4322 1.0672 897.7191
0.7617 0.8716 697.9033
0.3332 0.6772 920.8923
0.0298 1.6554 24.9756
0.1609 0.4528 508.4687
0.2632 1.9444 155.9397
0.6481 0.4751 956.5416
0.2037 1.3401 924.0695
0.4520 1.6771 147.8735
0.7248 1.2685 888.2942
0.8977 1.6552 951.6885
0.5379 0.4754 595.8439
0.2108 1.4971 567.5760
0.8309 1.2690 1.6023
0.0948 0.1096 365.0606
0.0958 0.1979 845.0212
0.0627 1.3400 713.8022
0.1528 1.8487 656.0951
0.4008 1.0671 821.8510
0.8067 1.5464 580.5073
0.5462 1.0020 709.8508
0.3497 0.1979 206.5347
0.4499 0.4750 614.8753
0.5992 0.1101 943.5622
0.2728 1.2646 332.7041
0.5767 0.0475 348.3481
0.7088 1.9081 23.6864
0.7392 1.6766 215.9208
0.8257 0.0476 466.4549
0.3652 1.3403 447.2373
0.7160 0.9675 521.7560
0.8628 1.7980 370.0444
0.7922 1.9082 721.7971
0.5478 0.8715 539.3350
0.2479 1.9082 96.9819
0.1470 0.8711 194.3369
0.7609 1.9442 121.5718
0.1869 0.8716 158.1520
0.5102 1.6771 918.9486
0.5058 0.8712 27.8716
0.1470 1.0673 680.2455
0.3887 0.6774 270.3603
0.9420 0.9674 224.2161
0.8237 1.3399 31.0016
0.6438 1.0024 224.4029
0.1047 1.9082 737.4763
0.8617 1.6771 558.1380
0.3230 1.3398 688.6086
0.0999 1.4970 431.7328
0.3201 1.2641 960.5958
0.0000 0.0000 523.8653
0.8047 0.9677 665.2528
0.5477 1.5465 914.3973
0.5858 1.1758 919.2921
0.6650 0.2278 397.8241
0.6582 1.3401 979.4774
0.6157 0.8205 415.8906
0.6397 0.0473 71.7728
0.3011 0.8206 439.8197
0.5637 0.0475 882.0716
0.1838 0.6774 850.0232
0.2780 0.6773 390.5150
0.6277 0.8711 639.9652
0.1272 1.9083 967.4831
0.9338 1.7980 74.7051
0.6209 1.4971 449.7410
0.8192 0.5835 396.2295
0.3577 1.9078 175.1523
0.2929 0.5833 637.9058
0.6818 0.4754 92.7982
0.1862 0.6612 669.2542
0.4642 1.5469 503.1351
0.5102 0.2279 198.7437
0.0709 0.2278 695.6592
0.9638 1.6770 545.0110
0.5800 1.9078 715.6318
0.2282 0.5833 852.2355
0.7971 1.4234 913.3746
0.3850 0.8716 802.1953
0.6502 0.9677 345.3115
0.7439 0.1979 37.4772
0.6447 1.0674 664.2251
0.5728 0.3629 414.4111
0.2180 1.6769 273.0920
0.0778 1.2642 53.6482
0.1230 1.7979 681.1194
0.3579 1.0676 600.7951
0.4748 0.4527 680.1372
0.7017 0.8203 212.5688
0.5460 0.7608 290.6140
0.0438 0.9676 822.3969
0.8830 1.9441 947.2102
0.5539 0.6613 242.8255
0.0500 1.4968 729.2949
0.8057 0.6611 586.0386
0.7409 0.6776 319.8185
0.2627 0.1096 796.3969
0.7757 0.4755 530.5944
0.7331 1.2644 205.3340
0.9089 1.6767 685.6351
0.8038 0.4528 174.6018
0.5612 1.4968 61.4104
0.4168 1.7981 972.0623
0.4980 1.9083 524.5333
0.9310 1.4233 295.5012
0.0868 1.3401 319.7315
0.4827 1.4970 70.9398
0.1909 1.2645 607.8894
0.1611 0.9673 680.3313
0.0362 1.0024 192.2425
0.5790 1.2646 490.8651
0.7038 1.6549 562.9798
0.0472 1.0671 953.1766
0.1682 0.2281 390.3583
0.0322 0.4751 692.9011
0.8297 1.6770 534.8749
0.7939 1.1762 887.4855
0.2069 0.7607 226.9519
0.3559 1.1761 289.2090
0.5827 1.9442 586.5892
0.5467 1.3400 560.3548
0.4620 0.2745 666.9099
0.7437 1.4234 377.5182
0.6480 1.6766 133.3966
0.1187 1.9443 491.5942
0.1739 1.4231 753.6419
0.2721 1.6766 535.4952
0.8917 1.4230 121.0949
0.5199 0.1979 754.4653
0.0621 1.8488 941.7345
0.6212 0.7603 939.8609
0.3990 0.5832 667.6095
0.3857 1.9082 35.9413
0.4538 0.0478 123.4867
0.2428 0.1978 972.6183
0.1792 0.2747 830.5016
0.3379 1.9439 803.7635
0.0761 1.4231 301.7517
0.8579 0.8712 680.6943
0.8772 0.6772 485.6911
0.4827 1.0019 966.8515
0.6608 1.6769 980.7679
0.4860 1.3399 678.6794
0.1532 1.2646 961.2806
0.7809 1.0019 468.4595
0.0600 1.2644 916.1007
0.9429 1.0023 434.6443
0.5380 1.6553 443.8888
0.7088 1.9443 77.1268
0.1762 0.4755 509.3684
0.1731 0.0478 755.7905
0.2550 1.6767 335.0663
0.0898 0.4528 54.6193
0.1599 1.6771 564.6000
0.0381 0.0476 436.1493
0.6949 1.6769 682.3742
0.4930 1.8488 578.5220
0.4407 1.3398 902.1770
0.6918 1.0674 133.3819
0.5572 1.6766 123.0654
0.8699 1.9079 832.8651
0.9110 0.8716 50.3269
0.1092 0.1100 300.2640
0.7822 1.6768 229.7296
0.5482 1.9442 213.4986
0.4858 0.9673 66.0102
0.4899 1.2643 871.5912
0.2468 0.8716 184.9548
0.6647 0.6614 44.4101
0.9397 1.2689 550.2566
0.9687 0.1981 169.5965
0.7802 1.0671 963.2162
0.3311 1.5464 756.3795
0.8497 0.0474 276.6222
0.8902 1.0675 488.3069
0.2608 1.2687 672.0492
0.0609 0.5831 760.0775
0.4151 1.8487 507.5206
0.5150 1.1761 976.1283
0.3759 0.1101 527.3825
0.0849 1.0676 666.9462
0.2621 0.9673 183.2220
0.1629 1.1762 985.5989
0.4557 1.4235 953.1388
0.6550 1.9080 428.6971
0.5892 0.2747 321.6029
0.6058 0.6773 250.3554
0.6701 1.1760 985.5217
0.4609 1.9080 684.0958
0.3188 0.3628 78.1506
0.2028 1.9079 575.5892
0.3540 0.9674 93.0579
0.3590 1.2644 668.4466
0.2928 1.4972 15.2782
0.1337 1.4967 95.5987
0.8939 0.5832 528.7500
0.8247 0.2277 541.4922
0.4852 1.2689 766.7584
0.7107 1.0676 831.4445
0.5199 0.4529 553.7337
0.4147 0.3629 246.8527
0.2862 0.2743 578.1992
0.6928 0.6777 553.7303
0.2419 0.6775 673.3153
0.3789 1.4233 72.7638
0.2600 1.0674 852.9558
0.3107 0.0476 365.6899
0.5642 1.7981 742.2983
0.6530 1.2643 822.0015
0.5981 0.5830 271.1773
0.0928 1.6769 448.2325
0.2562 0.4529 930.2280
0.1151 0.6610 285.9936
0.4411 0.7603 485.4355
0.9412 1.9078 377.1795
0.8718 0.7604 413.6120
0.9659 1.5468 235.0310
0.3697 1.6552 195.0375
0.5532 0.5834 431.6911
0.7680 0.2746 941.9351
0.6749 1.7983 786.9647
0.4732 0.3629 409.0140
0.1528 0.8206 880.2112
0.3950 1.1758 284.4572
0.8637 0.3629 173.1985
0.6017 1.6769 676.3069
0.6227 0.2282 902.6758
0.0962 0.2742 178.3788
0.7449 0.6609 591.0080
0.0818 0.6776 109.6326
0.2070 0.2280 121.2484
0.4709 1.2644 284.0219
0.2470 1.5469 446.4364
0.7531 0.6775 893.6450
0.3701 1.5466 211.8618
0.1399 0.3628 317.8144
0.9288 0.2746 125.6043
0.9019 0.3627 305.5005
0.7577 0.7607 345.0044
0.2702 0.3628 978.5906
0.4097 1.4233 25.1908
0.1669 0.7607 521.3744
0.4170 0.8204 368.3210
0.5940 1.0671 421.1173
0.4161 0.9677 25.8183
0.2437 1.4968 319.9392
0.1539 1.9079 670.8751
0.3191 0.5834 84.0696
0.8850 0.6609 480.8115
0.7600 1.9083 12.3584
0.5121 1.4235 837.7657
0.1779 1.0673 857.7540
0.8622 0.1096 576.2159
0.8992 1.3400 877.8113
0.8211 1.9083 321.7021
0.6819 1.4235 857.8121
0.3908 0.2278 832.5023
0.3219 0.4525 348.3837
0.4061 0.1981 545.1601
0.4882 0.6774 653.4618
0.9651 1.2646 673.5100
0.8120 0.2280 21.6114
0.1342 0.6776 407.8997
0.8918 1.5468 139.2563
0.8689 1.8488 283.8709
0.6842 1.9082 630.7564
0.8409 1.0019 125.4929
0.0539 1.7979 666.3394
0.3510 0.8714 453.7561
0.9340 1.0671 938.2598
0.2019 1.5465 227.4921
0.5402 0.8207 867.4595
0.7348 0.7608 948.1290
0.8577 1.2688 110.1016
0.2671 1.3403 46.8765
0.1577 0.0473 190.8523
0.8192 1.0676 723.9305
0.8019 1.2644 446.9109
0.3059 1.9079 726.3006
0.2118 0.9673 568.0981
0.2512 0.3631 29.9055
0.8048 1.6550 571.5295
0.7299 0.8206 984.6439
0.8842 0.9676 196.3938
0.9498 0.2280 710.3546
0.7809 0.4525 529.7972
0.6352 1.2687 102.1658
0.4039 0.1097 891.7422
0.5801 1.7978 414.2618
0.5031 0.2746 819.7360
1.0000 0.0000 263.6631
0.2248 1.2641 790.8482
0.6850 0.8716 274.1097
0.0851 1.1759 622.7663
0.9072 0.1097 540.3728
0.3940 0.3627 574.9734
0.1961 1.1758 633.6174
0.5232 0.9675 141.7560
0.2768 0.4754 50.8055
0.1541 0.5830 939.4946
0.9059 1.4972 702.7743
0.8028 0.2742 125.9259
0.4002 1.8484 424.0693
0.9630 0.7608 295.3632
0.1407 1.2643 177.8349
0.1757 1.3401 451.6942
0.2617 1.4235 717.8660
0.5321 0.3632 752.6530
0.2600 1.9079 252.2815
0.6332 1.6550 451.7213
0.2049 0.1099 715.3741
0.1327 1.6771 428.2532
0.1711 1.2686 538.7101
0.3001 0.7605 447.9141
0.4220 1.9443 738.8755
0.9202 0.0474 939.8981
0.3959 1.6771 397.3469
0.3537 0.2282 694.2211
0.3288 1.6767 966.8530
0.8819 0.4524 870.3678
0.8127 0.1980 832.7694
0.8249 1.4235 141.7360
0.1108 0.3631 441.5255
0.5580 1.0671 390.6870
0.5651 1.2689 443.0521
0.8619 1.2646 647.2716
0.6720 0.5832 633.8296
0.3202 1.0672 424.4298
0.9530 0.3631 862.5313
0.9432 0.8203 922.6386
0.6077 1.9078 897.7041
0.1758 1.0021 582.2790
0.2077 1.4230 547.9110
0.2570 1.7982 923.0471
0.6821 1.1762 412.4236
0.6450 1.9439 939.6286
0.7028 0.4525 446.9735
0.5662 1.8487 167.7755
0.8389 1.2645 773.9562
0.8770 0.4755 982.1911
0.0961 0.2282 723.0877
0.0329 1.9082 196.8625
0.4922 0.1097 243.7680
0.4407 1.2643 603.2221
0.0472 1.2687 772.4725
0.9348 0.4750 756.5597
0.0688 0.8712 495.8692
0.7250 0.2280 864.3256
0.9609 0.6774 295.7391
0.3959 0.6611 360.6371
0.5877 0.4751 35.3289
0.4731 0.5830 643.6611
0.6020 1.4233 14.6915
0.7799 0.3632 464.0430
0.0567 0.3627 263.0897
0.5829 1.0024 807.0255
0.7488 0.4752 567.6507
0.4877 1.6769 985.4088
0.5400 0.6613 87.2982
0.4108 0.4526 923.9990
0.4572 0.2278 877.4178
0.1682 0.1977 196.0336
0.7001 0.2743 167.3535
0.9629 1.8485 773.7035
0.7462 0.1098 395.1120
0.2742 0.6610 617.3816
0.8290 1.9440 556.3109
0.0429 0.7603 326.8809
0.3971 0.8202 401.5918
0.2051 1.6549 783.0180
0.9260 1.9080 921.1265
0.7232 1.3403 502.5066
0.3018 0.2281 128.1486
0.8371 0.4753 993.9017
0.0898 0.4751 67.6470
0.6528 0.4526 497.8581
0.7720 1.4969 460.6131
0.3097 1.2689 495.2610
0.2910 1.9441 280.6252
0.6802 1.0024 6.7805
0.6742 1.8489 510.1579
0.1649 1.8485 431.7390
0.3722 0.7608 523.7633
0.3371 1.0019 946.4732
0.5320 0.6776 366.2210
0.2728 1.7982 290.2849
0.4252 0.4754 739.7132
0.7862 0.8204 108.4579
0.8208 0.9675 571.6448
0.3980 1.4968 257.4966
0.3261 0.8715 737.8518
0.5329 0.7605 430.3433
0.2147 0.8205 197.8393
0.3558 1.6766 686.0066
0.6560 1.5466 876.9345
0.2312 0.2278 392.8123
0.5917 1.3403 802.1811
0.2971 1.1757 96.3943
0.7460 1.7980 735.0662
0.1318 1.5466 197.5086
0.1331 1.0023 600.1122
0.6760 1.2642 482.1209
0.1147 1.6549 661.0958
0.4997 1.2690 88.4395
0.9440 0.8712 135.1240
0.4099 0.0478 158.9934
0.2087 0.4750 348.0032
0.8338 1.4972 26.2324
0.8370 0.2747 578.0157
0.4050 1.2690 955.4195
0.5901 0.8714 442.3117
0.9559 0.5831 423.6483
0.6301 1.4235 149.7180
0.3241 1.6554 823.3012
0.6731 1.4970 645.4351
0.7230 0.0473 844.0516
0.6497 0.1096 681.5520
0.1308 0.2744 453.0870
0.3320 0.6609 235.5361
0.2562 0.8203 740.3678
0.4360 0.8711 863.5894
0.8258 0.6777 642.4293
0.7251 1.8487 682.6025
0.8948 1.0019 191.1178
0.2118 1.0021 721.6605
0.2281 1.0675 154.0132
0.7949 1.3399 956.2852
0.5372 1.4969 913.1102
0.6111 1.8489 899.7493
0.9467 1.9442 484.9153
0.4178 0.6774 542.9824
0.3297 1.2688 364.3920
0.7301 1.4970 325.2168
0.5251 0.2279 959.0852
0.3489 0.4750 66.9735
0.0889 1.4231 170.2533
0.5079 0.8203 154.8673
0.9298 1.2641 422.3546
0.7767 0.8712 998.8962
0.7792 1.5465 337.5958
0.5277 1.5468 505.4974
0.3840 1.2646 653.8776
0.6199 0.1979 710.3300
0.4368 1.9078 360.5024
0.8700 1.1757 618.0813
0.8778 1.6550 227.3728
0.0791 0.4526 940.9653
0.8868 0.2277 35.7259
0.0872 1.9442 758.6366
0.2417 0.0475 663.3149
0.6670 1.5468 441.0319
0.5352 1.2646 197.7128
0.7840 1.4968 119.5346
0.3218 0.4750 55.1958
0.7001 0.2280 530.3094
0.8507 1.0674 300.0269
0.4410 1.0022 877.6904
0.1168 0.8713 443.5022
0.0872 0.8207 94.4002
0.1797 1.9440 806.7319
0.5640 0.4527 61.0676
0.6641 0.1978 955.7965
0.9462 1.4971 355.4166
0.3250 1.8485 158.1098
0.9187 1.3399 407.2713
0.3332 0.9675 874.2808
0.7159 0.5831 318.0842
0.5918 0.9675 567.7218
0.7199 0.3627 541.4075
0.3428 0.2745 865.8586
0.4791 1.7980 161.1389
0.6119 0.3627 590.1705
0.3377 1.4232 69.7848
0.8767 0.8203 492.8711
0.9402 0.4524 939.4369
0.2198 1.8485 288.2749
0.2022 0.3630 471.6048
0.5552 1.9079 494.1120
0.7639 1.2644 231.9233
0.0499 1.6770 648.8252
0.6040 1.2642 818.4723
0.3812 0.4524 254.6434
0.6821 0.9674 548.3308
0.2869 1.0022 78.3809
0.0481 1.5468 926.0996
0.4217 1.4969 851.7731
0.3859 0.2743 431.6696
0.7739 0.1099 471.8831
0.4999 1.0673 215.7803
0.8059 0.3632 187.8800
351 238
492 268
207 196
375 427
318 457
376 81
218 10
497 246
154 315
47 159
352 188
375 498
128 252
364 230
39 346
435 494
473 227
67 48
125 385
60 203
154 118
84 372
149 294
472 241
187 429
150 359
284 109
345 121
274 456
283 359
99 279
152 75
123 304
364 457
11 499
109 4
227 463
455 334
239 77
239 359
294 399
2 175
351 472
3 323
253 226
53 172
54 437
109 345
469 249
456 292
61 140
210 98
161 459
225 440
462 121
263 184
499 434
195 341
1 368
183 245
458 196
482 5
138 400
482 93
396 164
45 459
120 399
294 303
295 91
388 442
225 147
407 148
156 193
193 304
12 294
208 264
291 132
357 176
61 365
53 301
101 6
373 364
245 82
285 18
360 429
364 500
230 500
16 389
171 265
135 416
186 156
42 134
295 247
246 333
432 128
275 199
399 89
402 100
260 43
414 203
113 94
264 423
19 327
147 70
146 272
361 22
406 472
456 110
414 208
55 123
321 39
317 343
358 272
153 148
432 378
425 443
104 61
38 166
116 27
2 36
355 27
146 428
177 198
127 345
352 10
340 449
238 444
470 16
239 258
126 57
449 12
138 438
457 211
490 380
368 113
492 125
472 305
282 314
500 457
421 293
267 328
204 7
35 64
433 278
95 64
293 50
302 420
176 255
357 468
29 11
148 446
301 157
431 399
117 496
387 227
459 286
49 218
301 359
469 141
191 51
275 10
373 230
425 227
418 311
125 258
316 18
8 111
223 270
167 348
376 432
91 371
405 14
90 357
463 387
493 468
148 104
108 206
52 378
79 125
489 288
201 275
455 9
271 180
21 110
181 331
44 50
223 13
125 222
465 358
44 293
197 395
69 430
104 483
72 223
381 171
181 301
187 81
92 169
457 125
27 148
21 301
301 259
217 460
99 48
275 74
350 356
108 367
170 236
85 110
418 227
459 319
14 82
301 356
157 185
357 290
320 122
275 75
210 339
61 490
357 476
150 432
96 344
248 419
111 330
235 230
214 223
275 78
142 258
414 264
304 156
202 120
257 74
85 21
212 146
373 458
29 55
301 271
224 469
345 489
379 249
251 215
173 39
116 355
14 61
7 400
165 459
335 297
225 374
99 178
475 88
26 34
125 210
54 215
235 15
72 378
45 275
54 261
80 111
275 488
453 84
431 50
355 437
88 133
205 23
64 154
459 56
332 138
40 168
235 457
1 170
148 54
111 445
25 161
223 395
58 148
89 99
319 275
292 30
123 31
4 412
147 36
148 61
54 388
421 44
355 40
318 132
223 61
263 498
294 151
330 339
46 67
302 35
439 352
98 339
356 330
62 41
365 497
118 420
248 492
312 458
1 450
25 70
314 67
25 68
332 7
393 324
28 140
276 275
301 485
380 413
464 445
26 298
31 294
416 25
168 355
20 4
357 430
458 230
320 30
476 192
141 100
145 84
457 5
227 21
153 168
278 391
185 280
452 64
7 274
152 320
303 73
12 303
334 499
393 224
200 457
246 487
413 14
314 447
319 45
488 114
495 410
358 238
180 475
487 291
308 120
469 61
160 206
198 64
278 486
477 239
199 454
397 445
474 278
123 120
99 401
107 39
471 386
159 184
30 450
247 248
104 461
423 104
294 277
37 374
454 275
126 75
459 454
228 329
268 248
459 352
459 114
315 420
341 275
25 39
206 105
225 130
42 275
64 216
65 237
269 305
136 446
161 286
284 24
444 91
219 491
447 226
366 31
472 328
23 256
218 481
378 213
294 366
450 228
165 61
270 441
340 301
419 235
35 420
120 62
272 207
48 46
132 482
14 490
338 216
473 301
278 188
64 60
1 49
377 225
359 179
346 159
459 61
297 462
46 282
343 136
305 91
239 337
459 135
490 344
296 464
181 295
9 287
203 64
241 124
411 399
214 72
79 258
206 445
164 113
409 275
33 206
389 144
64 262
285 58
125 98
340 149
103 369
143 459
301 85
14 183
404 228
67 99
476 120
382 437
241 238
306 200
104 183
332 204
357 61
206 80
70 144
29 155
392 486
238 124
134 152
306 132
152 42
360 369
469 283
188 313
179 258
123 189
54 317
383 406
301 440
315 64
444 83
85 75
288 127
221 344
469 393
82 104
441 378
406 241
420 264
25 426
344 164
306 211
223 187
119 290
175 225
254 9
32 305
396 344
324 469
238 406
359 402
138 387
189 234
405 461
380 424
296 445
2 68
130 346
374 381
168 148
125 61
238 61
453 472
316 148
246 132
359 100
392 278
365 457
292 174
14 281
64 189
92 254
490 413
60 35
446 104
416 389
247 301
254 334
434 294
279 401
375 184
384 350
457 291
120 101
490 221
206 17
274 256
402 224
374 43
132 200
459 201
104 245
486 352
140 352
239 220
389 381
279 89
123 467
339 296
500 235
263 145
122 292
233 469
359 224
428 238
296 417
61 101
232 132
75 57
93 318
26 107
95 189
488 459
131 153
481 49
352 56
431 89
9 448
436 262
8 33
432 360
155 11
48 41
106 213
221 322
84 61
339 471
410 14
184 326
363 423
93 132
51 55
238 267
159 225
91 358
442 156
172 340
226 379
284 475
104 251
238 383
369 432
314 359
207 300
280 301
339 248
292 274
27 61
459 171
46 493
339 386
312 235
36 68
177 462
113 162
416 144
317 104
459 195
282 447
63 104
104 281
228 424
390 155
276 195
132 211
315 95
38 75
388 264
155 294
412 109
263 372
116 316
301 115
251 194
321 173
236 134
81 432
309 206
94 228
151 123
206 259
299 10
1 327
115 475
301 305
279 399
127 349
55 436
363 54
218 236
79 103
409 231
453 139
381 470
59 274
469 378
135 470
301 295
439 348
392 28
218 134
225 301
64 123
39 159
275 257
403 357
214 378
332 475
404 329
264 442
231 275
453 305
235 222
111 108
336 455
270 395
142 362
357 119
234 123
171 374
301 9
312 230
107 190
123 366
401 178
301 314
440 326
499 155
374 275
354 452
464 309
14 495
44 399
485 330
90 493
61 26
30 274
112 227
191 55
240 273
194 104
90 478
157 92
301 326
456 227
385 347
119 120
457 232
269 139
330 108
422 356
229 239
463 115
300 482
477 125
434 92
17 80
23 274
466 157
326 263
254 455
106 244
359 103
156 61
197 378
223 81
39 190
477 337
332 104
157 182
71 223
249 233
157 209
37 459
63 405
278 490
249 283
39 184
425 138
288 349
459 43
478 308
389 70
227 274
497 480
499 455
459 199
132 300
424 490
250 132
421 398
18 355
56 10
329 113
466 9
438 112
238 84
134 1
349 180
274 438
174 75
216 55
345 11
265 374
408 307
156 307
28 278
298 353
61 352
294 494
473 115
148 131
338 198
431 293
125 142
29 390
331 91
30 122
335 414
187 310
54 264
352 167
13 72
54 251
475 133
61 278
39 426
54 194
473 311
391 439
425 76
226 359
359 128
426 130
419 458
6 357
273 223
332 256
466 287
184 47
205 274
301 339
104 495
479 364
484 340
142 239
75 166
127 336
174 38
97 338
111 397
84 26
262 51
286 25
192 290
75 374
493 357
156 323
280 9
209 169
309 417
141 359
193 307
396 113
487 457
317 483
435 342
100 469
447 357
254 434
267 472
456 57
175 130
249 226
304 61
352 313
78 289
19 1
151 467
306 457
388 156
31 151
326 47
402 469
264 335
339 247
5 196
11 455
493 48
274 204
128 324
219 412
47 225
296 111
123 61
289 275
184 298
459 86
207 458
371 267
217 25
129 408
418 463
289 459
113 19
383 472
420 203
243 281
352 433
178 48
137 113
259 359
318 232
257 201
150 128
336 180
103 179
199 114
198 452
5 300
411 120
382 355
301 475
54 136
294 342
440 102
388 186
476 202
222 268
472 124
103 187
129 156
53 157
148 18
239 105
310 125
71 378
448 271
413 450
165 25
206 350
355 3
392 352
148 437
131 355
301 415
65 91
25 61
170 218
335 203
227 311
363 261
447 253
125 15
185 9
206 417
268 125
137 329
138 463
51 64
397 33
220 337
348 278
15 222
187 360
167 188
298 190
209 9
497 132
399 62
286 165
484 303
437 3
215 483
377 102
54 343
106 378
393 359
205 332
26 190
249 430
143 275
293 99
401 62
379 357
297 20
390 55
123 307
120 176
271 9
311 115
135 381
472 84
299 231
36 325
451 82
289 319
15 163
357 192
163 125
310 87
252 469
328 238
186 323
22 111
347 386
137 162
158 134
117 438
478 120
386 125
350 330
301 180
1 158
314 226
53 149
156 189
342 399
277 434
484 12
349 336
398 314
469 128
239 206
488 86
104 215
123 494
401 399
126 174
347 160
327 404
400 496
305 139
148 116
335 462
416 16
365 212
213 197
314 293
355 316
169 157
266 104
79 87
196 373
378 252
361 17
108 384
63 451
42 75
456 126
491 20
308 176
227 443
107 321
355 66
275 56
301 227
67 282
339 370
466 185
187 125
363 264
69 357
218 299
395 378
113 327
305 326
347 339
362 239
450 461
160 385
415 172
55 366
205 59
266 133
417 160
325 2
177 242
426 346
498 26
294 390
25 460
495 61
240 61
156 355
345 198
104 451
455 127
491 121
460 459
182 209
272 238
223 52
196 364
434 157
91 237
37 276
5 479
357 253
427 34
109 489
335 475
198 462
138 76
432 244
379 253
394 467
63 14
363 104
458 91
412 345
218 433
49 368
104 30
53 415
200 250
123 193
371 83
459 257
277 499
120 90
485 339
345 29
203 452
98 370
335 177
83 91
462 345
147 325
369 187
475 297
461 14
338 55
99 431
206 361
301 75
120 6
248 235
278 313
420 442
348 352
492 370
357 478
173 25
190 184
53 294
184 353
125 362
125 370
194 261
292 38
379 69
419 247
132 272
124 351
86 275
220 229
99 314
164 94
232 211
104 88
146 365
426 68
216 436
104 410
182 287
345 219
84 32
239 179
381 225
433 391
30 1
180 489
411 123
197 223
111 33
444 237
147 389
275 195
308 357
255 202
217 416
149 449
382 66
322 164
123 435
285 355
155 277
163 235
345 491
103 150
20 475
64 338
443 387
61 187
391 352
180 284
131 407
138 475
399 50
355 153
274 496
464 206
274 112
294 44
422 301
443 138
324 359
493 120
497 333
157 287
433 96
32 263
459 74
357 469
335 452
71 273
125 87
459 276
95 156
206 367
419 312
41 493
465 65
259 105
123 191
359 249
273 378
299 134
198 354
272 480
482 457
365 428
97 55
474 486
385 77
282 357
427 184
294 73
145 372
94 162
398 484
49 170
55 294
365 333
472 91
422 206
12 340
210 471
300 196
275 114
8 206
84 351
157 280
403 430
260 374
120 61
111 367
272 212
394 123
472 371
167 278
484 314
129 123
11 127
250 291
268 235
470 416
9 182
433 344
411 342
336 448
8 22
138 496
394 494
385 386
183 243
264 475
87 103
184 498
354 242
223 441
212 480
140 278
123 408
26 263
302 118
485 356
76 227
403 233
281 410
346 225
122 152
175 68
54 483
477 385
103 258
13 52
420 60
457 163
433 113
441 52
326 102
138 115
223 244
3 156
45 201
14 243
457 250
70 36
161 460
415 340
231 134
296 309
191 64
143 454
459 341
487 132
198 29
328 383
122 166
378 61
305 181
423 475
422 259
260 459
497 272
118 64
343 104
198 242
378 240
278 96
458 295
359 105
56 74
398 293
369 150
172 149
446 54
376 429
397 206
294 435
236 1
368 481
203 208
95 420
117 138
80 367
58 355
412 20
202 357
187 376
178 62
322 344
339 111
265 459
54 186
133 104
374 301
296 160
119 6
398 73
228 1
139 84
285 148
266 475
223 432
166 152
434 334
355 407
14 451
145 32
166 292
154 420
278 439
14 245
22 206
433 396
468 46
34 353
341 86
109 24
450 380
352 28
78 459
113 481
42 409
20 219
274 400
330 384
238 465
102 225
416 459
91 272
409 134
404 113
424 322
326 377
97 29
355 61
275 299
467 294
403 249
77 477
256 204
457 246
374 276
214 71
110 57
333 457
375 26
4 24
206 77
436 64
104 274
475 24
62 48
143 78
25 144
32 269
238 83
372 26
384 206
141 283
260 37
295 331
220 125
164 228
313 474
377 47
347 296
61 457
234 129
262 55
10 433
320 158
121 297
88 332
158 30
59 104
213 223
362 229
421 73
423 266
420 208
58 40
16 381
112 76
21 456
432 429
19 368
305 263
66 407
265 43
217 459
169 9
148 66
405 104
272 428
354 335
434 53
77 160
196 479
120 290
