485 726 7 77 296
774.0191 338.0346
0.3634 0.6364 391.5681
0.0679 0.3636 327.2895
0.0458 0.2727 826.8178
0.4542 1.4545 87.4540
0.2045 0.0000 73.2382
0.5000 0.8182 492.2485
0.3408 1.4545 770.0372
0.4091 0.5455 453.9314
0.1133 1.3636 217.2921
0.1361 0.4545 919.8788
0.2954 0.6364 991.9290
0.1817 1.6364 392.6277
0.0455 1.0909 221.3847
0.0228 1.5455 94.9024
0.4319 1.0000 619.7467
0.2956 1.9091 884.5968
0.2275 1.9091 166.6621
0.3637 1.5455 871.0950
0.0683 1.7273 889.7329
0.0453 0.0909 616.2540
0.1815 1.9091 551.2845
0.0453 1.6364 501.3446
0.0908 1.2727 29.5027
0.0907 0.7273 369.0658
0.0228 1.1818 472.9502
0.2725 1.0909 477.5363
0.4094 1.1818 479.9207
0.4094 0.8182 237.2688
0.2048 0.4545 352.7473
0.2729 1.5455 671.1867
0.0454 1.0000 449.7026
0.3406 0.4545 658.2056
0.4089 0.0000 971.2057
0.0906 0.9091 99.4149
0.3867 1.6364 481.2160
0.1590 1.2727 472.3622
0.4773 1.5455 589.8895
0.4542 1.3636 967.6092
0.3867 0.9091 462.8575
0.0453 0.3636 178.5081
0.1138 1.7273 996.9637
0.5003 1.5455 297.5389
0.2272 1.2727 889.2333
0.0910 0.6364 573.6879
0.3635 0.2727 994.6292
0.1133 0.1818 635.5060
0.2956 1.4545 843.5713
0.4321 1.7273 361.8091
0.1820 0.9091 216.6251
0.0912 1.0909 584.2509
0.4775 0.9091 105.0774
0.2502 0.3636 327.1456
0.4315 0.1818 923.4784
0.3411 0.0909 118.5219
0.1816 1.0000 453.3494
0.1588 1.7273 394.5281
0.2952 0.4545 668.4036
0.2956 0.8182 891.2335
0.4544 0.9091 301.1872
0.2497 0.0909 770.4991
0.2042 0.6364 671.5731
0.3636 1.4545 445.3143
0.2728 0.5455 928.9893
0.0226 1.0000 844.1366
0.3412 1.7273 305.3483
0.1819 0.3636 483.2148
0.4547 0.2727 492.8222
0.2274 0.6364 920.0803
0.4771 1.9091 704.4190
0.4318 0.5455 996.8468
0.0227 1.6364 575.3040
0.2272 1.4545 148.1891
0.4315 1.1818 811.2671
0.1821 0.8182 988.4106
0.4997 1.1818 648.8038
0.4997 0.0000 295.4718
0.3180 0.1818 810.9764
0.3406 1.3636 544.9238
0.2502 1.0909 256.4195
0.3181 0.7273 302.9194
0.0684 0.6364 185.7800
0.4090 0.2727 85.4781
0.4773 0.0909 421.8808
0.3179 1.2727 266.6028
0.4547 0.1818 639.9510
0.2497 1.6364 957.1339
0.3867 0.0909 650.8461
0.1363 0.0000 681.4775
0.4771 0.2727 812.9064
0.2502 0.4545 247.0603
0.2047 1.7273 403.8946
0.2955 0.5455 57.8192
0.4094 1.5455 255.6272
0.2501 0.1818 530.0573
0.1363 1.2727 873.8527
0.0910 1.6364 43.2940
0.4546 1.0909 603.5789
0.4998 1.7273 560.3292
0.3410 0.7273 282.7500
0.0229 0.7273 109.3999
0.5003 0.3636 83.2023
0.1139 1.5455 576.2424
0.3181 1.7273 441.3561
0.4998 0.6364 499.5458
0.4998 1.3636 112.2131
0.1590 0.4545 914.4748
0.3635 1.7273 876.1629
0.1588 0.0000 327.1292
0.4775 1.4545 62.0591
0.4321 1.9091 344.2852
0.4316 0.8182 774.8793
0.3409 0.5455 784.8124
0.0224 1.8182 521.7811
0.4545 0.0909 884.6235
0.1367 0.5455 687.1423
0.3634 1.0909 296.7854
0.3412 0.0000 829.9893
0.0679 1.0909 566.8132
0.4092 0.6364 551.6335
0.0457 0.1818 242.3772
0.2730 1.7273 144.3036
0.0452 0.5455 150.7746
0.0911 0.2727 973.7170
0.1139 0.4545 390.2354
0.3865 1.1818 157.0370
0.4543 0.7273 215.6018
0.3406 1.0909 538.0137
0.4548 0.8182 648.2149
0.2955 0.1818 11.7379
0.3638 1.6364 109.2118
0.4999 0.2727 559.2036
0.0684 0.5455 98.5502
0.0911 0.5455 269.2490
0.4544 0.3636 70.8503
0.4999 0.5455 848.9245
0.1821 0.7273 808.8510
0.1819 1.2727 395.3015
0.2957 0.9091 580.5826
0.3862 0.5455 451.1231
0.1818 1.5455 545.9490
0.2272 0.5455 955.8504
0.4093 1.4545 353.2564
0.2503 0.7273 14.0335
0.3637 1.8182 85.4711
0.3184 0.8182 20.7318
0.2725 0.9091 299.1674
0.3410 1.9091 80.2730
0.2498 0.5455 410.7060
0.0685 1.4545 648.7014
0.1366 1.1818 514.1267
0.0910 0.3636 617.0605
0.5002 0.9091 14.6877
0.2045 1.2727 556.0733
0.2271 1.6364 278.3820
0.3633 0.7273 458.3480
0.2503 1.8182 923.1291
0.2726 0.3636 477.9809
0.2044 0.1818 89.9278
0.2046 0.9091 878.4644
0.1594 1.8182 656.6968
0.3180 0.2727 131.0196
0.5000 1.2727 332.3812
0.0911 1.0000 513.8142
0.2502 0.9091 326.1846
0.2273 1.0909 143.6350
0.4770 0.6364 473.4705
0.1592 0.8182 391.6693
0.4771 0.0000 926.6638
0.0679 0.0909 372.0199
0.3409 1.0000 976.2104
0.4543 0.4545 490.4778
0.3862 1.4545 815.1733
0.2048 0.0909 792.8392
0.4997 0.0909 393.0165
0.3864 1.8182 43.1717
0.2272 0.0909 369.2337
0.1366 1.0909 356.2880
0.2729 0.6364 610.8852
0.2730 0.4545 914.9938
0.5002 1.6364 326.0082
0.1366 0.9091 746.4986
0.2043 1.6364 269.9169
0.3182 0.6364 142.9337
0.1588 1.3636 978.2294
0.2726 1.8182 889.6224
0.0680 0.8182 248.5304
0.3865 0.1818 830.2575
0.0226 0.0909 358.0157
0.4317 0.2727 254.1129
0.2272 1.3636 887.0049
0.4548 0.5455 378.5819
0.4770 1.0909 271.2932
0.3184 0.0000 60.9349
0.1138 0.3636 646.2066
0.2275 1.8182 143.3761
0.4318 1.3636 393.7017
0.2502 1.3636 68.3367
0.1815 1.0909 161.6943
0.2046 1.5455 900.1796
0.1139 0.0000 526.4883
0.3633 1.2727 419.0347
0.2727 1.4545 998.7169
0.3862 0.0000 367.5479
0.2271 0.8182 136.9649
0.1136 1.4545 515.5893
0.1134 0.6364 173.4840
0.3635 1.9091 180.2541
0.4542 1.5455 589.5939
0.3185 1.0000 907.7538
0.3633 0.4545 722.0407
0.1593 0.3636 473.6860
0.0226 1.9091 22.3998
0.3865 1.2727 70.1396
0.0455 0.4545 862.2900
0.0685 1.8182 474.5542
0.1816 0.2727 543.2835
0.1362 1.9091 630.3330
0.4091 0.1818 191.3004
0.2957 0.2727 89.3189
0.3636 0.1818 462.6100
0.1590 0.0909 225.7887
0.0683 1.9091 533.0939
0.2047 0.5455 503.5025
0.3407 1.2727 339.9847
0.1817 1.4545 838.0095
0.4546 1.9091 93.8691
0.4089 0.0909 571.8443
0.2501 1.4545 101.6393
0.4773 0.7273 636.6156
0.0685 1.5455 60.0518
0.1592 0.5455 331.4350
0.1364 1.3636 72.8428
0.3184 1.9091 782.0820
0.0458 0.7273 3.6982
0.0681 0.7273 524.3898
0.4773 1.6364 180.5104
0.2955 1.6364 458.1945
0.0230 0.5455 357.6074
0.4091 0.4545 758.9073
0.3861 0.7273 78.4979
0.0910 1.5455 877.2014
0.2501 0.0000 3.4857
0.2724 1.0000 49.0310
0.0224 0.6364 525.7954
0.4091 0.7273 634.2335
0.4774 0.1818 874.7741
0.4997 1.9091 526.6346
0.1593 1.0909 839.7907
0.4548 1.6364 386.5600
0.1362 0.3636 942.0078
0.2953 1.0909 59.2159
0.3861 0.6364 743.0135
0.3638 0.0909 888.5884
0.0229 1.3636 805.2498
0.4317 0.0000 18.7467
0.3863 1.9091 325.9072
0.1134 0.2727 564.1408
0.4092 0.3636 990.0515
0.4315 1.6364 191.3558
0.4771 1.1818 767.8042
0.2276 0.2727 94.0573
0.0908 1.9091 592.3161
0.4093 0.9091 412.8983
0.2044 1.8182 641.3708
0.2728 1.3636 482.1673
0.0457 1.2727 147.8227
0.2957 0.0000 24.3208
0.2046 1.1818 196.4811
0.1591 1.0000 148.3333
0.3410 0.8182 686.7141
0.1367 0.2727 854.2480
0.4775 1.2727 930.3056
0.3634 0.5455 313.0050
0.4315 1.0909 259.0303
0.2503 1.0000 160.3625
0.1816 0.5455 165.7250
0.2501 1.5455 352.8835
0.3181 0.0909 662.8679
0.1592 0.1818 207.1875
0.0228 1.7273 977.5703
0.2726 0.1818 198.9678
0.0908 0.1818 480.3654
0.2270 0.4545 217.5821
0.0906 0.8182 704.5854
0.2730 1.9091 611.6143
0.2957 0.0909 634.5235
0.2272 0.1818 414.8761
0.1594 1.1818 585.9796
0.2952 1.7273 601.9432
0.2503 0.8182 643.1267
0.0682 1.2727 391.1717
0.3180 0.5455 929.1229
0.0906 1.4545 946.0787
0.5003 1.0000 831.2697
0.1818 1.7273 366.5227
0.0455 1.7273 222.2404
0.1133 0.7273 951.9141
0.1366 0.8182 16.7997
0.1361 0.7273 862.2548
0.5002 0.1818 119.2601
0.0224 0.0000 183.3230
0.4999 0.7273 343.6742
0.1134 0.8182 98.3279
0.2048 0.7273 99.4046
0.2503 1.7273 769.5872
0.2952 0.7273 671.5491
0.3633 0.9091 808.1837
0.0909 1.1818 425.9648
0.2042 0.2727 610.7250
0.3181 1.5455 979.2184
0.2958 0.3636 532.9855
0.2726 0.7273 266.4635
0.0000 0.0000 957.1662
0.3407 1.1818 46.0015
0.3409 1.6364 438.1397
0.4316 0.6364 203.2990
0.2042 1.3636 135.5586
0.1591 0.7273 286.1193
0.0226 0.9091 862.6094
0.2044 0.3636 693.6877
0.3862 1.0000 463.0006
0.2503 1.1818 507.7893
0.1134 1.8182 872.2803
0.4775 0.5455 617.0312
0.3410 0.6364 544.8155
0.1591 1.4545 598.0172
0.2501 1.9091 413.5046
0.0453 0.9091 924.0343
0.3409 0.3636 338.5152
0.4090 1.0000 806.3558
0.0454 0.6364 725.1224
0.1365 1.6364 128.1870
0.2500 0.2727 270.5420
0.2273 0.7273 452.7526
0.1361 1.4545 918.2411
0.2730 1.6364 519.4483
0.0230 0.2727 679.2307
0.2952 1.0000 461.9240
0.2044 0.8182 161.5956
0.2725 0.0000 945.4382
0.3867 1.3636 897.7482
0.2952 1.5455 705.6424
0.2952 1.8182 672.8238
0.3867 1.5455 637.2603
0.0457 1.9091 514.8494
0.4088 1.7273 743.2723
0.1137 1.0000 397.0421
0.4320 1.8182 506.1210
0.3409 1.8182 196.7076
0.0457 1.1818 717.2454
0.4773 0.8182 859.2099
0.3865 0.8182 535.8209
0.3182 0.3636 575.8169
0.0226 0.8182 386.1881
0.4543 0.0000 181.8936
0.2276 1.0000 989.1741
0.1136 1.9091 807.1806
0.4318 0.0909 503.9422
0.0684 0.0000 277.5921
0.0456 1.5455 801.2099
0.0909 0.4545 470.1545
0.4320 1.2727 865.0568
0.1817 0.0909 794.7156
0.1818 1.1818 775.6701
0.0226 1.2727 41.4810
0.1135 1.2727 944.3208
0.2727 0.8182 596.7253
0.0226 0.4545 915.5852
0.1135 1.1818 480.8456
0.3180 1.8182 270.7202
0.0458 0.0000 727.4041
0.4545 1.0000 471.9627
0.1815 0.6364 320.2382
0.2502 0.6364 321.0946
0.0681 1.0000 451.2498
0.3863 1.7273 165.8412
0.0682 1.1818 135.9070
0.1819 1.3636 280.2271
0.3181 1.3636 770.6277
0.4770 1.3636 254.0978
0.1592 1.6364 412.5567
0.4092 1.3636 512.4044
0.0908 1.7273 601.0671
0.2045 1.0000 227.0128
0.0684 0.2727 936.7616
0.4094 1.9091 893.3878
0.2046 1.0909 609.4071
0.1815 1.8182 41.7715
0.4094 1.6364 810.8082
0.4548 1.1818 207.4370
0.3184 1.0909 458.9852
0.0682 1.6364 369.4568
0.4770 1.0000 676.4577
0.5001 0.4545 92.2412
0.4547 1.2727 717.4033
0.3634 1.0000 611.3432
0.1588 1.5455 811.5798
0.1366 1.0000 372.7548
0.4773 1.7273 799.2011
0.1364 0.0909 602.8707
0.1363 0.6364 79.5433
0.1134 0.5455 998.0228
0.3639 1.3636 244.5818
0.2271 0.9091 261.8909
0.4545 1.7273 531.1523
0.5003 1.8182 39.1917
0.2729 1.1818 447.7262
0.3185 1.1818 364.8400
0.2729 0.2727 867.3120
0.1816 0.0000 458.5562
0.3411 0.1818 150.9594
0.5003 1.4545 624.9336
0.2725 1.2727 386.4462
0.1361 1.8182 710.3669
0.0452 1.3636 598.1868
0.2276 0.3636 751.7532
0.3864 0.2727 33.8663
0.2724 0.0909 880.2436
0.2276 1.5455 240.6226
0.1137 1.6364 521.5344
0.0907 0.0909 317.5839
0.1136 1.0909 177.7880
0.4093 1.2727 879.1218
0.0685 0.4545 393.1339
0.1133 0.9091 487.1983
0.4089 1.8182 74.6586
0.2497 1.2727 345.6603
0.4321 1.4545 968.6952
0.2271 1.7273 100.5610
0.3409 1.5455 400.4497
0.1588 0.9091 16.3020
0.2956 1.3636 738.4753
0.0228 1.4545 796.6453
0.2954 1.1818 745.3997
0.1365 1.5455 629.1884
0.3408 0.9091 825.7915
0.4320 0.3636 394.1184
0.0226 0.1818 321.9084
0.0680 0.1818 314.0333
0.0454 1.8182 98.6677
0.0907 1.3636 870.4364
0.3182 0.4545 425.7438
0.0907 0.0000 588.3082
0.0227 1.0909 35.8847
0.3182 0.9091 744.1438
0.4317 0.4545 356.0881
0.0912 1.8182 858.7971
0.2274 1.1818 540.7187
0.0457 0.8182 925.7434
0.3185 1.6364 207.7114
0.1820 0.1818 139.2868
0.4544 1.8182 150.7409
0.3862 0.4545 163.4672
0.2044 1.4545 479.4067
0.3865 0.3636 814.0619
0.4316 1.5455 637.3183
0.4089 1.0909 955.2551
0.5003 1.0909 196.0267
0.4774 0.4545 462.0355
0.1133 0.0909 511.4961
0.3861 1.0909 184.4527
0.1591 0.6364 224.1850
0.4316 0.9091 348.9669
0.1818 0.4545 64.8647
0.3636 0.0000 846.5970
0.1367 0.1818 344.8408
0.3634 1.1818 610.9695
0.0684 0.9091 496.1028
0.1590 1.9091 503.1573
0.0679 1.3636 303.6880
0.3407 0.2727 645.6052
0.3638 0.3636 302.1769
0.3637 0.8182 596.6414
0.3184 1.4545 504.5428
0.4548 0.6364 30.8461
0.0457 1.4545 352.6253
0.1589 0.2727 319.8036
0.4773 1.8182 380.8976
0.2273 0.0000 95.2823
0.0229 0.3636 681.0789
0.4773 0.3636 684.8932
0.2048 1.9091 465.3524
0.1361 1.7273 378.2237
0.2952 1.2727 31.1558
0.4317 0.7273 104.5452
183 325
195 17
228 72
332 420
60 242
313 480
106 464
102 205
175 426
83 114
459 171
137 36
149 293
33 255
151 361
94 333
146 164
90 179
264 388
327 17
49 159
405 399
154 86
181 431
116 127
418 60
354 449
120 3
349 370
66 464
135 104
310 474
219 161
132 122
301 371
155 473
115 402
198 248
425 34
309 158
287 94
225 454
183 292
381 12
386 426
189 53
40 2
430 18
41 483
1 325
193 117
133 44
163 347
20 371
54 117
363 173
387 198
9 366
404 164
350 25
433 313
410 363
203 87
32 210
306 58
76 168
210 453
291 23
61 68
114 358
13 118
307 39
53 218
115 231
19 392
121 305
429 154
148 63
405 249
370 233
82 218
295 56
80 145
304 334
230 149
220 187
27 457
89 246
53 85
385 3
177 422
84 224
390 97
408 434
169 359
37 42
419 72
188 20
398 269
366 95
364 288
213 341
379 78
203 465
153 137
289 237
175 256
146 138
173 5
144 207
15 372
356 404
323 447
456 428
347 398
73 274
257 123
434 407
263 463
423 213
28 352
159 384
389 259
395 38
97 274
419 199
445 138
65 107
212 113
297 24
327 285
251 391
444 25
336 237
384 55
156 185
409 281
456 93
177 150
290 143
115 401
38 380
196 38
485 111
301 188
62 18
481 134
157 52
48 259
459 394
178 63
235 24
142 428
188 313
187 417
313 280
176 173
170 209
360 14
283 29
178 374
479 5
67 89
2 424
71 22
45 471
270 145
340 418
452 226
222 215
21 388
319 313
345 212
250 194
284 303
70 316
444 313
400 460
137 378
373 276
260 192
5 410
147 233
349 147
476 149
266 415
396 307
272 395
464 29
64 31
460 200
332 381
165 79
367 312
446 171
439 385
179 157
92 11
293 205
392 96
283 90
68 374
380 272
470 291
7 474
346 376
273 139
245 28
467 314
313 301
277 228
13 350
143 334
196 382
443 200
395 362
415 470
472 455
240 245
82 189
353 442
160 388
4 109
373 61
227 358
271 466
375 31
308 377
175 144
240 155
160 414
313 354
160 469
103 450
252 1
322 407
247 69
303 298
459 481
260 75
397 435
141 148
471 161
338 138
295 12
409 333
110 226
123 282
300 131
439 282
41 420
110 386
320 29
362 423
382 341
331 81
246 300
227 87
13 444
317 378
191 324
203 33
256 386
311 353
20 169
429 91
333 261
270 473
164 275
364 268
365 313
216 309
485 126
107 130
204 334
86 336
306 312
168 355
265 432
119 252
476 360
11 183
431 49
375 163
443 421
477 216
338 209
263 330
57 311
391 408
257 46
426 348
343 185
424 214
88 108
461 125
36 95
247 406
335 326
383 41
9 441
382 423
72 454
313 100
417 45
112 292
52 90
315 450
330 15
43 427
269 431
315 65
480 40
366 23
326 225
73 27
419 277
39 263
288 248
397 326
125 27
383 19
234 449
318 167
470 441
278 54
421 460
215 447
262 357
317 153
62 172
352 240
177 248
126 229
113 440
159 404
136 304
290 367
213 201
191 70
50 422
77 129
279 451
288 150
221 108
401 462
56 381
154 182
7 62
345 222
237 450
457 461
317 190
477 279
88 400
314 127
24 284
33 227
190 43
232 9
465 117
308 50
128 126
6 302
276 223
306 80
181 398
17 482
132 133
58 145
229 302
264 195
156 327
258 239
438 313
350 377
428 4
16 233
454 199
21 469
369 422
257 271
228 202
396 321
80 99
25 313
49 55
104 166
411 77
372 393
286 418
48 346
289 121
83 174
65 103
34 163
391 127
116 461
100 354
242 479
466 279
467 125
236 399
146 243
287 261
12 182
220 411
87 253
120 438
50 118
290 204
92 63
473 352
471 411
236 180
201 403
123 385
139 8
93 142
226 69
448 322
73 390
410 108
180 98
394 101
298 299
342 310
232 95
71 313
238 122
221 363
8 70
267 286
358 255
448 165
112 273
105 380
243 338
446 239
118 377
176 60
217 414
416 283
83 168
351 128
416 52
320 66
216 451
403 341
172 344
46 466
313 244
122 331
336 121
447 262
254 415
397 140
311 157
357 217
141 68
281 129
136 74
308 369
124 10
114 355
64 319
99 270
368 480
218 187
82 417
299 297
406 478
430 310
446 437
91 182
408 314
337 3
414 323
296 19
387 268
59 51
153 43
112 325
97 192
328 31
483 56
436 307
186 284
289 103
197 265
170 396
448 268
54 253
47 474
472 329
67 85
258 437
58 367
313 368
111 28
277 30
269 55
22 296
156 195
324 135
244 238
197 427
18 344
278 193
342 30
318 299
74 339
208 456
206 44
155 99
51 152
207 256
313 64
453 455
211 106
109 412
191 475
465 253
340 267
142 172
343 16
432 379
315 130
158 451
337 313
44 81
200 88
136 318
267 193
15 463
184 36
298 167
26 79
309 261
265 413
249 236
361 124
330 321
293 241
362 196
209 445
206 401
59 463
436 445
147 207
74 167
239 453
392 22
224 78
174 76
281 94
342 47
35 376
225 140
120 439
211 250
35 130
100 234
343 370
403 78
221 400
484 413
241 102
144 349
384 356
84 484
152 294
235 186
457 274
319 328
229 351
378 184
208 37
119 316
287 158
482 21
57 179
150 369
313 14
202 47
91 295
458 75
26 251
2 151
181 425
116 467
346 389
132 81
409 219
4 208
368 214
359 443
438 337
232 184
365 254
458 192
211 66
6 351
484 432
420 96
141 223
313 238
416 320
202 30
246 85
197 190
106 10
79 322
323 357
305 429
361 424
273 1
427 413
297 303
131 89
452 348
335 205
210 472
14 433
286 278
98 399
204 339
189 67
199 140
219 129
440 215
46 282
280 296
430 7
162 272
321 39
214 40
93 344
245 485
335 435
455 258
468 328
437 134
241 230
266 291
313 212
312 143
478 452
476 433
51 393
249 259
176 479
383 96
161 77
405 48
10 250
107 376
16 285
468 34
348 110
255 355
251 434
222 262
271 477
436 170
234 235
462 231
11 178
151 194
364 198
166 475
101 481
45 220
435 102
105 162
365 266
340 242
359 371
32 329
285 185
35 389
469 217
23 441
402 133
186 449
134 171
373 462
113 313
37 109
304 339
165 387
375 468
86 305
475 316
201 224
374 148
275 243
442 32
42 412
280 71
331 244
166 324
483 332
442 57
254 313
223 61
230 360
206 402
252 139
275 356
8 119
26 407
128 111
169 421
482 264
425 347
390 260
379 84
194 124
59 372
353 329
92 292
345 440
478 69
393 294
276 231
