485 726 2 235 250
112.4387 578.6158
0.2274 1.8182 351.7295
0.2270 0.9091 603.7712
0.0909 0.9091 725.7799
0.4771 0.8182 911.9742
0.4093 0.0909 551.4618
0.1136 1.0000 117.4953
0.2726 0.9091 282.6362
0.2729 1.0000 52.6423
0.2724 0.6364 226.6780
0.0456 1.0000 846.2132
0.0680 1.4545 593.0516
0.2952 0.4545 232.0662
0.0225 1.0909 927.5637
0.0907 0.6364 523.6895
0.1592 1.3636 488.1140
0.2728 1.0909 734.6008
0.3184 0.3636 332.1594
0.4316 1.6364 698.6586
0.4774 0.6364 243.3139
0.2048 0.6364 652.4151
0.2954 1.0909 290.5588
0.1815 0.6364 337.9088
0.1363 0.7273 799.5518
0.0683 0.0000 50.1813
0.4997 1.3636 102.0520
0.1135 0.3636 273.3167
0.0225 0.0000 806.2297
0.4318 1.0000 152.9930
0.3639 1.0909 576.2156
0.3183 1.5455 598.7720
0.4093 0.5455 591.0901
0.2953 1.9091 639.1466
0.4543 1.2727 117.3717
0.0907 0.1818 809.5467
0.2274 0.0000 221.4071
0.4317 1.0909 893.1390
0.4088 1.6364 751.5618
0.1367 1.8182 720.6726
0.0685 0.4545 720.4394
0.0224 1.7273 339.5510
0.2727 0.2727 49.0676
0.1138 1.6364 751.5064
0.1819 0.3636 296.6365
0.2044 0.5455 15.6769
0.0230 0.4545 322.1803
0.0681 1.8182 374.6486
0.3633 0.8182 565.2557
0.4319 0.1818 872.9645
0.4089 1.8182 80.2791
0.0456 0.3636 160.3692
0.1363 0.1818 275.7601
0.0685 0.8182 657.2584
0.2500 0.3636 953.3781
0.3864 1.2727 956.7611
0.1362 1.2727 155.1635
0.3866 1.0909 689.4970
0.4542 0.2727 615.4662
0.3184 1.2727 322.3079
0.4090 1.2727 297.6502
0.1362 1.3636 731.8198
0.3409 0.9091 250.0090
0.2958 0.7273 306.0889
0.4774 1.0000 285.3383
0.4092 0.1818 36.6056
0.3409 0.7273 978.6194
0.4090 0.4545 745.6866
0.2954 0.8182 845.8823
0.1136 1.2727 36.5673
0.1364 1.1818 295.9043
0.0230 1.5455 431.2574
0.3635 1.5455 905.6932
0.3637 0.2727 820.9748
0.4548 0.6364 447.9929
0.3865 1.5455 122.5498
0.3183 1.0000 375.7587
0.2047 1.5455 873.4053
0.4775 1.1818 58.1311
0.0457 1.2727 28.0462
0.1133 0.5455 921.7029
0.0685 0.3636 137.6310
0.0910 1.1818 900.6099
0.3183 0.5455 187.4718
0.1588 0.7273 1.8311
0.3638 0.1818 306.2599
0.4319 1.4545 162.6444
0.2502 0.9091 349.1705
0.3634 1.8182 861.2062
0.2045 1.3636 204.3769
0.2955 0.3636 348.3249
0.1589 0.2727 697.0719
0.1139 1.0909 935.5915
0.0228 0.3636 641.3218
0.2503 1.2727 125.1508
0.4320 1.9091 317.3201
0.2501 1.4545 646.5428
0.1820 1.4545 211.0304
0.3867 1.3636 842.3767
0.2955 1.6364 689.6321
0.3184 0.9091 764.6478
0.3184 0.2727 15.5062
0.1592 1.8182 59.5949
0.2042 0.1818 957.1031
0.0452 1.9091 917.4782
0.3863 0.8182 145.3113
0.2271 1.3636 787.6237
0.2272 1.4545 765.8295
0.2271 1.2727 349.6724
0.2048 0.3636 202.4729
0.4543 1.4545 58.7357
0.3867 1.9091 851.1169
0.0906 0.0000 424.7416
0.3867 0.9091 11.0038
0.4088 1.0909 73.0425
0.4319 0.4545 869.7633
0.0225 0.0909 355.0291
0.2502 1.5455 456.0440
0.2498 1.6364 673.5103
0.1134 1.9091 825.5671
0.4771 1.7273 177.0393
0.0228 1.2727 191.1534
0.5002 0.3636 491.4252
0.1593 1.7273 666.7414
0.2726 1.5455 777.1905
0.0912 1.5455 657.4411
0.4999 1.0909 494.7814
0.2729 1.6364 588.1819
0.3867 0.1818 793.8813
0.0682 0.1818 195.9516
0.2270 0.8182 238.1128
0.2503 1.0909 663.5964
0.3638 0.6364 312.2690
0.4997 0.5455 846.5189
0.5001 0.8182 288.2450
0.1588 1.4545 681.2025
0.3179 0.0000 744.4094
0.2730 1.1818 601.2686
0.2048 0.7273 109.3571
0.0682 1.0909 815.7559
0.0454 1.6364 169.3345
0.4093 0.2727 769.0992
0.1134 1.5455 222.3299
0.0224 1.0000 246.5626
0.0906 0.4545 23.1419
0.2725 0.8182 343.6479
0.2724 1.8182 609.1392
0.0228 0.1818 32.3981
0.2276 0.3636 439.2812
0.0228 1.9091 523.7181
0.3639 0.4545 417.8055
0.0912 1.0000 990.8674
0.2273 1.1818 627.3451
0.3863 0.3636 867.7280
0.4772 0.9091 728.3649
0.2500 0.0909 18.2045
0.3411 1.5455 347.6930
0.1133 0.2727 523.5837
0.2724 1.4545 281.6362
0.0683 1.7273 385.9752
0.2728 0.5455 557.7362
0.4775 0.0909 70.3662
0.2502 0.0000 847.1940
0.2272 1.7273 474.2944
0.1362 1.5455 660.3825
0.2958 1.1818 979.5979
0.2275 0.1818 938.0668
0.4775 1.5455 970.0032
0.2727 0.4545 201.3074
0.2954 1.4545 245.3165
0.0230 0.2727 189.5161
0.1817 0.0000 535.5648
0.2953 0.2727 366.4294
0.0453 0.0909 882.6853
0.3184 1.9091 346.9123
0.1137 0.1818 389.0447
0.0909 0.3636 971.0861
0.3410 1.7273 843.8271
0.4318 0.9091 643.9281
0.3182 1.7273 102.0041
0.0679 0.6364 107.2979
0.2952 0.0909 158.7122
0.3867 1.6364 399.8318
0.3406 1.3636 991.2266
0.0682 1.2727 480.3734
0.2958 0.9091 656.7308
0.3639 1.1818 666.4499
0.2727 0.1818 993.5659
0.3633 1.6364 969.0936
0.0910 0.7273 369.7769
0.0906 1.2727 571.4936
0.2273 1.5455 899.4021
0.4776 0.2727 908.1604
0.3867 1.8182 578.2880
0.2047 1.9091 450.0525
0.0230 0.5455 7.9285
0.0458 0.5455 103.8659
0.3182 0.0909 890.5140
0.1815 1.3636 36.0157
0.0907 0.2727 941.5660
0.1365 1.7273 552.7959
0.2274 0.4545 743.1559
0.0457 1.7273 596.4343
0.1817 1.8182 526.4642
0.4771 1.2727 598.0891
0.3866 1.0000 27.6473
0.4548 0.0000 856.6216
0.3635 0.3636 557.5284
0.0457 1.1818 287.1420
0.2043 1.7273 769.1757
0.4772 1.9091 385.4158
0.4093 1.5455 180.1074
0.4545 0.5455 692.2751
0.2501 1.7273 870.8612
0.3634 1.2727 282.1806
0.2728 1.9091 151.6956
0.0454 0.0000 597.0474
0.0909 1.7273 382.9945
0.3409 1.1818 215.5485
0.0224 0.7273 69.4293
0.1593 1.6364 976.4396
0.3179 1.4545 698.4024
0.0909 0.0909 511.7623
0.4542 0.7273 171.8326
0.0683 1.0000 554.5506
0.2043 1.1818 748.5745
0.1365 0.5455 309.8518
0.1817 0.9091 504.4963
0.0685 0.2727 255.5128
0.4997 0.2727 523.8901
0.4773 1.8182 400.3572
0.3406 1.4545 816.5248
0.2270 1.0000 494.9826
0.0908 1.9091 900.3943
0.4775 0.3636 233.0061
0.0685 0.7273 113.2236
0.3867 0.0000 552.7281
0.5000 1.6364 328.8372
0.3862 1.4545 638.6080
0.2726 0.3636 872.9766
0.1367 0.8182 308.6769
0.3635 0.0909 21.6343
0.4775 1.0909 548.8254
0.5003 1.4545 161.0333
0.1367 0.9091 379.0010
0.1362 0.0909 419.0249
0.1817 1.7273 975.0468
0.2955 1.5455 195.3684
0.4544 0.0909 507.8070
0.1589 1.0909 537.8088
0.0229 1.3636 387.2507
0.3864 0.0909 936.5739
0.0907 1.6364 284.4853
0.3182 1.8182 405.9522
0.4547 1.9091 502.2236
0.2042 1.2727 140.7637
0.0685 1.1818 973.1503
0.2726 0.0000 604.9794
0.1365 0.0000 978.9564
0.1820 1.0909 790.0601
0.4318 1.3636 116.5428
0.3638 1.0000 784.4612
0.1818 0.1818 827.9570
0.1589 0.5455 248.6112
0.3406 0.4545 929.3927
0.5001 0.1818 506.7640
0.4546 0.8182 428.9449
0.2043 1.8182 609.4988
0.4543 0.3636 665.5075
0.2274 0.7273 44.1478
0.0458 1.3636 892.4445
0.4318 0.7273 466.0474
0.3184 0.6364 14.9315
0.1139 1.8182 402.0108
0.2729 0.0909 532.2304
0.2728 1.3636 620.3647
0.1817 0.4545 951.5295
0.1815 0.8182 6.2278
0.5000 1.8182 744.0509
0.4088 1.7273 834.9603
0.1361 0.6364 283.5066
0.4321 1.5455 492.7308
0.1817 0.7273 146.3563
0.4316 0.6364 33.2215
0.0229 0.8182 799.3230
0.3864 1.7273 49.1248
0.2270 0.5455 391.9070
0.0453 0.8182 31.2387
0.3866 0.4545 632.1196
0.3862 0.6364 456.5658
0.1594 0.9091 111.0602
0.1820 1.6364 192.7814
0.3183 0.4545 102.7751
0.1138 1.3636 519.6647
0.4319 0.0909 182.6739
0.4088 1.9091 779.9474
0.4090 1.0000 1.6400
0.3634 1.7273 580.8533
0.4094 0.3636 416.2717
0.1137 0.7273 131.9534
0.3861 0.2727 524.8167
0.0456 1.5455 28.3671
0.5003 1.2727 420.4263
0.1134 0.4545 146.7083
0.3408 1.0909 737.6465
0.4773 0.7273 264.5828
0.2275 0.6364 628.3478
0.1133 0.9091 13.2276
0.1362 1.9091 727.7608
0.1364 1.0000 924.6368
0.2954 0.1818 94.8777
0.4094 0.0000 345.4233
0.3636 0.7273 905.8463
0.2276 1.6364 955.7865
0.4319 0.5455 263.6562
0.4774 0.5455 274.0605
0.4544 1.6364 885.7639
0.4771 1.3636 349.7014
0.0458 1.8182 308.5521
0.3410 1.0000 364.7023
0.2043 0.9091 77.4007
0.4544 1.3636 211.8129
0.0680 0.0909 755.7225
0.0912 0.5455 536.3555
0.3864 1.1818 272.0103
0.0226 0.6364 859.5036
0.3410 1.9091 984.1087
0.3408 0.0000 347.9945
0.4092 1.4545 236.2621
0.2499 1.3636 367.2226
0.3633 0.0000 603.9380
0.4770 0.0000 77.7968
0.1590 1.2727 817.3448
0.0683 1.9091 751.4343
0.2500 0.4545 992.7020
0.2497 0.2727 251.3927
0.1589 1.9091 73.6073
0.1593 0.1818 493.6080
0.3181 1.6364 236.8550
0.2499 0.8182 921.3642
0.1137 0.0909 527.2373
0.3637 0.5455 808.0324
0.0458 0.2727 766.8159
0.0679 0.5455 53.8939
0.1139 1.4545 698.6540
0.4547 1.1818 440.5325
0.0453 1.0909 24.3227
0.1590 0.4545 763.4901
0.2952 1.2727 646.3838
0.5002 0.0909 695.1081
0.3411 0.1818 506.6356
0.0907 1.3636 179.2052
0.1820 0.2727 650.7476
0.2503 0.5455 546.3466
0.2272 1.0909 807.2424
0.4547 1.5455 407.7424
0.3406 0.5455 666.4138
0.3408 0.6364 948.7444
0.2274 0.2727 182.3622
0.1364 1.0909 827.8942
0.4999 1.9091 71.7422
0.0229 0.9091 667.6612
0.2045 1.0909 887.2866
0.1819 1.5455 717.9032
0.2043 0.2727 607.0822
0.2042 0.8182 900.8039
0.2501 1.9091 701.7647
0.2046 0.0000 420.7047
0.4542 0.1818 443.5514
0.4998 1.0000 207.9676
0.2044 1.6364 333.9813
0.1821 1.0000 346.6830
0.2957 1.3636 188.6183
0.3182 0.1818 230.3402
0.3864 0.7273 392.7690
0.1588 0.0909 519.7304
0.1365 0.4545 659.4354
0.1362 0.3636 247.3665
0.0457 1.4545 476.9718
0.1363 0.2727 883.3594
0.2955 0.5455 649.7595
0.0456 0.9091 440.1796
0.2048 0.4545 109.4171
0.4319 1.1818 863.2927
0.2497 0.6364 930.4846
0.2502 0.7273 75.0819
0.3864 0.5455 918.1264
0.5003 1.5455 549.9533
0.1819 1.2727 445.0755
0.4776 0.1818 581.2965
0.1136 1.7273 445.7021
0.2953 1.0000 856.1676
0.1138 1.1818 257.0969
0.4316 1.8182 591.3060
0.3407 0.3636 932.2012
0.0680 1.3636 116.2745
0.3406 1.6364 408.9209
0.4092 0.6364 368.2481
0.4544 1.0000 67.2302
0.4771 1.4545 599.3943
0.3406 1.8182 190.5875
0.4999 0.4545 937.2157
0.2045 0.0909 985.6244
0.4321 0.8182 282.2408
0.3633 1.4545 34.6907
0.1139 0.0000 92.2872
0.4545 1.0909 426.6575
0.2724 0.7273 823.9882
0.1591 0.0000 351.7638
0.4544 0.9091 700.1493
0.0227 1.8182 896.9948
0.3181 1.1818 373.1168
0.0681 1.5455 325.6711
0.0458 0.1818 592.0485
0.2730 1.2727 425.1049
0.2502 1.0000 616.0389
0.0456 0.7273 703.1726
0.1133 0.8182 510.8439
0.3639 1.9091 855.3000
0.4093 1.1818 774.3731
0.0911 1.4545 13.2186
0.1590 0.6364 922.0725
0.0000 0.0000 998.1903
0.1362 1.6364 921.5676
0.0228 1.6364 770.4350
0.2957 0.6364 162.9546
0.0455 0.4545 830.8477
0.3406 0.2727 387.2548
0.5002 1.7273 330.5942
0.0226 1.4545 198.9687
0.4544 1.8182 965.0644
0.4090 0.8182 222.2182
0.1591 1.1818 229.5245
0.4094 0.9091 410.7083
0.3181 1.3636 26.9880
0.2500 0.1818 432.4332
0.1591 1.5455 967.9771
0.4997 0.0000 757.5414
0.2272 0.0909 949.6251
0.1592 0.8182 361.7607
0.4998 1.1818 842.6397
0.1591 0.3636 563.4908
0.0907 1.8182 184.1397
0.4997 0.9091 96.2373
0.4088 1.3636 843.8613
0.3412 1.2727 450.6962
0.1815 0.0909 441.3758
0.4320 1.2727 898.8524
0.4088 0.7273 707.6787
0.3180 0.8182 721.9932
0.2956 1.8182 594.1982
0.1138 0.6364 23.5134
0.4319 0.2727 788.1416
0.3182 1.0909 708.4995
0.2726 1.7273 473.1916
0.4321 0.0000 664.5736
0.3185 0.7273 672.1109
0.2046 1.0000 271.6918
0.2954 0.0000 737.5953
0.4545 0.4545 369.9149
0.3406 0.0909 619.7042
0.4316 0.3636 877.2421
0.1820 1.1818 147.2534
0.0226 1.1818 479.7247
0.2499 1.8182 435.0504
0.4999 0.7273 42.3755
0.0683 1.6364 249.3871
0.0907 1.0909 199.7950
0.0912 0.8182 609.0166
0.1815 0.5455 970.8846
0.2044 1.4545 281.0164
0.1364 1.4545 894.0017
0.4321 1.7273 857.5700
0.1588 1.0000 900.1999
0.3636 1.3636 66.8961
0.0452 0.6364 573.4788
0.2502 1.1818 92.9973
0.4776 1.6364 304.8985
0.3409 0.8182 583.0283
0.2954 1.7273 117.8123
0.2273 1.9091 444.8907
0.1816 1.9091 128.4606
0.5002 0.6364 247.1763
0.0685 0.9091 584.3062
0.4770 0.4545 92.7263
0.3635 0.9091 548.7637
0.4542 1.7273 682.8170
1 266
69 391
109 85
58 347
217 303
116 123
477 448
363 357
54 97
421 120
288 131
76 362
17 291
456 231
47 311
483 400
83 23
278 37
310 235
433 182
123 157
471 278
214 365
346 440
477 65
212 162
380 482
135 457
381 275
100 171
378 156
74 237
150 223
127 299
31 313
116 95
201 40
122 219
133 464
358 248
147 200
296 176
144 67
307 335
396 31
468 44
310 454
479 193
417 110
129 268
4 265
174 156
308 6
379 159
427 119
283 421
471 485
134 96
98 478
112 432
144 406
184 7
460 267
175 80
280 85
345 138
30 246
443 97
95 106
165 434
284 278
70 428
242 386
42 389
418 113
32 449
119 485
260 318
394 183
192 110
245 290
409 317
432 295
397 28
452 410
85 327
233 267
221 321
108 147
44 20
425 39
120 78
199 389
458 483
309 372
483 233
118 307
385 288
96 469
45 425
354 109
283 286
239 23
140 451
210 327
173 252
203 316
445 374
256 161
26 376
2 231
187 181
136 164
60 15
395 176
29 56
462 207
74 210
355 340
317 46
88 105
383 9
467 416
273 256
109 398
400 121
110 294
343 141
253 209
463 365
99 61
437 154
98 337
21 452
202 266
431 69
484 112
318 61
360 142
353 130
89 12
169 421
292 68
120 249
161 35
167 238
137 268
132 314
380 360
470 163
403 230
25 316
300 411
401 437
439 125
320 33
315 18
371 347
87 417
313 282
321 24
39 143
470 343
202 101
221 111
465 158
139 465
59 443
275 43
263 291
310 5
344 405
139 201
271 356
340 131
305 20
456 319
45 92
79 322
254 88
412 341
408 153
405 241
149 263
2 319
390 184
428 377
429 229
204 112
262 225
257 244
448 455
240 459
183 78
226 289
164 21
402 270
193 266
5 250
58 433
399 252
291 12
115 172
65 311
194 324
228 191
447 270
231 414
274 413
384 406
77 344
60 55
10 142
181 37
396 288
313 211
447 430
349 426
155 30
189 68
61 484
478 453
182 473
173 32
232 441
390 8
84 349
450 279
410 164
281 137
279 420
236 476
16 21
364 276
228 264
480 193
236 427
242 398
330 205
4 133
15 331
90 351
384 338
32 214
325 399
373 447
126 98
282 396
11 377
324 421
30 220
179 474
353 361
341 169
76 190
19 73
179 14
421 360
456 370
1 463
142 421
317 103
449 252
398 166
297 66
47 477
366 35
200 333
393 206
395 337
194 421
91 391
20 22
250 240
351 261
418 382
366 401
397 63
212 117
204 295
115 421
230 155
174 34
221 339
416 239
446 259
185 217
75 390
315 485
23 298
196 135
467 188
419 124
45 421
43 440
353 151
138 255
305 383
422 42
373 311
323 185
336 51
428 421
407 170
302 143
158 201
77 439
186 41
86 414
197 387
154 273
472 289
257 404
320 316
415 234
102 165
246 168
210 280
303 452
176 178
57 367
388 264
119 476
227 341
37 18
478 178
143 175
354 280
50 92
475 136
271 82
172 215
158 216
403 237
77 241
62 406
345 207
333 53
330 160
3 482
277 359
422 219
238 89
306 6
134 470
75 318
293 5
289 243
312 117
298 416
423 40
356 131
244 374
49 192
324 474
58 444
363 351
148 103
325 173
435 134
82 355
235 329
357 165
86 2
297 152
377 300
177 28
14 450
177 408
302 26
285 305
327 237
284 181
122 245
438 83
215 24
346 375
334 41
469 76
36 113
403 71
113 56
294 94
462 13
183 189
213 444
448 67
326 459
287 152
352 383
375 302
199 422
281 276
117 126
294 49
253 429
118 232
15 197
7 8
259 320
141 163
128 227
423 139
399 87
243 308
186 434
417 325
189 350
287 149
262 468
354 166
290 369
349 372
251 216
123 246
279 225
457 256
116 190
22 420
385 31
433 371
68 55
62 455
87 192
46 441
372 100
174 51
105 328
145 214
407 257
261 102
159 352
402 430
376 375
378 51
473 213
335 480
344 382
27 215
140 64
66 287
19 481
441 272
160 247
151 475
409 148
72 299
222 265
270 222
429 392
55 331
451 48
248 258
38 272
209 229
146 412
211 73
80 39
8 414
241 125
64 127
227 198
312 162
82 379
296 284
366 170
105 107
381 200
453 126
96 362
394 350
205 454
260 204
124 411
466 91
196 180
332 232
162 208
285 352
426 100
168 157
24 111
180 457
455 65
29 185
50 425
259 443
184 99
460 297
9 159
365 479
401 445
71 74
314 211
34 198
347 413
36 405
205 247
421 27
420 262
380 10
102 363
397 408
454 293
209 359
226 319
79 450
434 334
36 382
410 217
187 395
146 421
104 47
374 407
368 63
35 437
12 167
114 460
326 329
115 27
130 16
208 369
342 195
17 393
199 122
309 186
19 314
239 438
93 107
166 386
132 481
331 387
206 152
247 293
421 92
459 196
188 234
348 160
29 303
81 391
268 384
415 286
340 385
190 106
404 339
462 421
108 381
54 59
156 198
136 16
71 155
449 145
101 38
14 322
436 330
286 52
89 17
248 431
388 367
145 463
424 379
409 421
328 274
121 233
60 292
168 220
274 371
421 249
348 436
283 218
356 355
3 150
106 469
81 255
431 461
453 212
130 475
153 63
203 33
94 253
472 370
412 128
378 90
243 306
419 11
67 62
220 230
482 223
342 322
177 432
218 415
195 194
202 480
229 277
299 140
13 345
179 342
411 11
84 72
244 339
64 48
90 336
86 7
370 226
171 41
265 402
80 50
296 187
479 1
392 49
337 178
191 388
224 461
298 188
234 52
59 446
309 171
108 43
271 424
273 180
144 338
4 304
170 445
147 53
468 22
6 150
332 103
52 467
285 44
440 376
10 223
18 471
464 304
361 224
208 245
238 53
364 129
81 466
104 430
304 222
301 203
276 438
251 465
358 91
207 255
444 182
295 28
258 361
423 421
484 260
442 368
421 70
118 272
146 169
56 323
393 263
13 421
57 451
424 9
421 218
93 413
70 300
157 95
426 72
250 235
73 282
326 135
195 474
213 54
269 394
88 197
66 114
333 167
175 26
78 269
137 364
34 128
93 328
254 387
308 472
206 149
161 154
446 33
332 46
261 336
458 114
350 292
346 275
281 83
104 373
421 40
367 48
141 124
334 357
84 127
219 290
338 129
69 358
101 335
240 329
99 75
138 466
267 458
307 38
57 191
301 25
107 254
148 421
369 312
225 79
473 97
321 172
216 389
461 258
111 404
249 269
151 224
442 153
392 94
418 323
362 435
42 251
3 306
343 419
163 435
315 476
