500 1200 1 136 491
769.9807 527.1081
0.2456 1.2227 454.2639
0.5182 0.0718 479.2299
0.6471 0.3697 903.7658
0.0334 1.0618 545.0726
0.7843 1.1744 561.8657
0.2133 0.5293 135.0507
0.5450 1.2109 941.9740
0.6184 1.5940 69.4859
0.5784 1.3019 764.2009
0.4192 1.6772 51.5720
0.1185 0.9417 628.3076
0.2567 1.2509 3.4851
0.0926 0.1039 793.2524
0.1658 1.3605 469.8366
0.0852 0.5136 288.5760
0.1703 1.4128 389.1364
0.2495 1.6593 444.1581
0.8159 0.6062 812.6545
0.9147 1.0835 153.3797
0.4120 1.9864 88.0795
0.4558 0.9855 171.3228
0.9631 0.1394 426.5556
0.8637 0.9572 834.7697
0.2746 0.2789 483.6623
0.8414 1.3945 748.7701
0.1256 1.3493 393.6735
0.8963 0.2739 114.7398
0.2834 0.4133 603.5712
0.7976 0.9586 806.0801
0.1863 0.1234 69.4436
0.8543 1.6029 422.3918
0.6311 0.5645 580.9634
0.2442 1.3160 871.5699
0.5305 1.5598 481.9087
0.0295 1.0888 700.1178
0.8834 1.9450 388.0118
0.5742 1.1555 735.7750
0.0319 1.2544 914.3450
0.7348 0.4770 774.9843
0.9484 0.2779 992.4595
0.5705 0.9965 420.3016
0.7605 1.7793 224.3843
0.4967 0.6422 832.8765
0.4980 0.3385 792.8487
0.3676 1.1573 439.1253
0.1645 0.9767 158.2770
0.9822 1.6866 554.6321
0.4019 0.7181 274.8620
0.5382 1.8567 408.0038
0.7439 1.9851 188.8097
0.5061 1.1462 681.7737
0.9742 1.5059 643.3263
0.0800 1.7397 607.0599
0.9033 0.4219 317.0974
0.8376 0.0864 665.1272
0.1474 0.4910 419.9290
0.2358 1.1379 854.5376
0.4874 1.6992 129.3489
0.7366 0.7735 580.6265
0.6487 1.4201 951.0020
0.1140 1.0979 577.1970
0.5443 1.8630 530.6444
0.0893 1.5750 328.7296
0.6074 1.0102 177.5557
0.2363 1.9366 15.4052
0.0104 1.9566 23.8745
0.7801 0.3428 677.5578
0.8200 1.4471 86.4591
0.1662 0.0045 399.9405
0.7247 0.2024 313.6840
0.8139 1.4564 384.7687
0.3918 0.6540 482.3188
0.2941 0.6630 438.9587
0.0040 1.5092 100.0875
0.2050 1.7232 549.1121
0.9135 1.3055 187.5506
0.9516 1.6793 769.9150
0.9137 0.5657 3.4707
0.5393 0.1982 234.0636
0.6496 0.9793 612.9472
0.6283 0.8530 265.7028
0.9167 1.0537 882.4848
0.9553 1.0648 758.2898
0.8227 0.3426 231.5527
0.1360 1.1399 427.4499
0.0523 0.5817 906.1253
0.1068 1.3631 63.4455
0.1838 1.4791 807.7523
0.6069 0.7785 183.0876
0.6278 1.6873 102.2264
0.9354 1.6952 449.5514
0.4484 0.8071 534.6820
0.9758 0.4816 698.8050
0.1379 1.3124 50.3618
0.9050 1.7320 868.9860
0.4562 0.4572 765.9976
0.5551 0.7670 510.2898
0.6387 0.1766 234.3962
0.1925 1.9426 332.3384
0.0154 0.2876 352.6314
0.1703 1.1708 404.4570
0.6282 0.0767 834.8725
0.4049 0.6174 849.2188
0.9466 0.9643 901.8694
0.8168 1.4034 894.8189
0.5661 0.1600 561.5628
0.3490 0.4150 285.6656
0.2923 1.3844 10.5512
0.9364 0.7681 451.6204
0.0792 1.4094 35.3963
0.7353 0.3285 100.4046
0.9175 1.8383 890.7587
0.6793 0.8354 502.2013
0.8253 0.1648 710.7886
0.6931 1.3177 844.0953
0.3199 0.7175 363.8879
0.1596 0.2374 794.6177
0.5784 0.9734 877.9927
0.8695 0.2200 395.8313
0.3269 0.1619 907.0532
0.2284 1.2706 828.4393
0.9084 0.8645 955.9053
0.4610 0.9979 609.9850
0.0375 0.2305 984.6410
0.5362 0.4632 640.2825
0.0114 0.8840 698.1440
0.3734 1.0888 125.4894
0.4280 0.6928 219.7674
0.8512 1.9354 789.5968
0.2582 1.4876 172.9058
0.8247 1.6472 690.7565
0.7338 0.6070 311.0598
0.4303 0.8047 57.6922
0.6887 0.2341 24.8976
0.8733 1.4316 430.2399
0.4992 0.7993 863.0489
0.4988 0.6535 187.1297
0.1298 0.6736 642.8733
0.4022 0.0815 823.6388
0.8494 0.6478 524.4542
0.9198 0.8322 367.8640
0.4954 0.4856 169.2763
0.5254 0.0729 395.5304
0.0477 0.7222 345.4577
0.6458 0.8589 160.9268
0.7183 0.5774 133.5952
0.2799 0.5230 701.2438
0.5792 0.9719 42.7017
0.7125 1.0890 37.0920
0.4732 1.7097 598.8903
0.2668 1.7610 765.0988
0.9593 1.8524 378.1129
0.4082 0.7097 530.7639
0.3122 0.6417 722.0196
0.2170 0.3754 334.1584
0.4742 1.4846 105.4701
0.6802 0.6263 793.2121
0.6088 1.2730 227.4935
0.9650 1.8001 739.3379
0.8244 0.9353 636.6290
0.4457 0.4296 6.9858
0.3957 1.5588 771.7659
0.4862 1.0048 115.8820
0.6642 1.7768 514.9993
0.3014 0.8299 741.6202
0.2564 1.0307 98.5287
0.4367 0.0120 309.7868
0.6773 0.2002 567.3380
0.9131 1.0567 437.6742
0.0157 0.8978 461.1169
0.7150 1.9502 265.9751
0.5666 0.6294 405.5165
0.3889 1.2435 621.4451
0.1956 0.0589 400.9413
0.5470 1.8367 615.1680
0.5709 0.1070 985.9990
0.9002 1.8921 812.4798
0.0236 0.1696 48.5980
0.2491 0.0361 464.6982
0.8657 0.9181 724.3187
0.3039 1.3594 183.8406
0.7506 0.7928 714.0902
0.0440 0.7035 663.3754
0.6566 0.6686 783.7844
0.6557 1.3738 865.3158
0.5826 0.8407 155.9719
0.3772 0.2430 426.4012
0.9965 1.4097 937.7988
0.9478 0.6277 295.1070
0.2003 1.2189 885.6494
0.0636 0.1585 355.3785
0.4555 0.7151 981.5885
0.0979 1.3828 710.4722
0.6204 0.7652 793.6357
0.5716 0.7209 488.8762
0.2548 0.8417 143.9357
0.9894 1.8586 828.1999
0.2166 0.9988 384.5884
0.9382 1.4282 648.0006
0.4021 0.3057 817.3427
0.4970 0.7696 687.6334
0.4195 0.9890 204.8619
0.6695 1.2641 349.1162
0.3574 1.6631 127.8333
0.2290 1.8028 401.5949
0.8813 1.7149 255.3077
0.4325 1.7238 900.7173
0.5759 1.8273 470.3708
0.6289 0.0948 418.0316
0.8470 0.4513 831.8199
0.0234 0.2277 939.8771
0.3690 1.8849 865.2940
0.6459 1.2508 710.2672
0.9501 0.7806 751.2498
0.7791 1.6073 189.8170
0.3076 0.3581 843.8883
0.3454 1.0732 493.4103
0.2175 1.9247 307.6758
0.2935 1.5091 821.3778
0.8185 1.7931 55.4774
0.7343 0.8109 642.0588
0.1100 0.5945 88.6386
0.0299 1.6943 778.9376
0.7087 1.9181 677.2187
0.6114 0.7139 831.0356
0.9145 1.7810 987.3169
0.5083 1.7830 25.5179
0.0579 1.0684 216.5217
0.6599 1.1247 848.0535
0.8124 1.9836 635.6327
0.4420 0.2806 744.2814
0.1250 1.8362 837.8536
0.1887 1.9505 134.8951
0.4822 0.4249 643.3350
0.0475 0.2111 426.9408
0.5200 0.1771 286.8459
0.4028 1.1138 114.7058
0.9577 0.6986 41.8134
0.3246 0.3180 474.4778
0.2894 1.5431 248.3944
0.7118 1.7566 465.3789
0.5742 0.0524 496.0157
0.5091 0.5391 725.0614
0.0485 0.9369 415.8525
0.5163 0.1281 833.8857
0.2720 0.5071 234.0387
0.5304 1.4120 342.8930
0.4270 0.0096 84.0241
0.1458 0.8007 27.5541
0.1816 0.3862 906.2192
0.1758 0.4522 164.3156
0.9080 0.7086 99.3284
0.3182 0.5091 600.1961
0.5360 0.8721 597.8217
0.1747 1.4494 701.2250
0.7385 0.8382 687.4048
0.6110 0.6545 715.8349
0.7962 1.9818 619.6674
0.3465 0.5164 121.8595
0.9167 1.7101 173.3503
0.7443 0.5709 293.0164
0.2887 1.1704 907.7709
0.8425 0.9751 221.7167
0.8294 1.6296 107.5210
0.4785 1.1696 315.5570
0.4772 1.8648 687.7297
0.5645 1.7024 548.6426
0.5890 0.9593 76.9262
0.0585 1.0609 893.7720
0.2013 0.1873 315.6312
0.1519 0.8179 200.7485
0.8868 1.5051 28.5691
0.7655 0.3526 263.5286
0.7597 1.1180 941.5757
0.2887 0.8919 549.7773
0.7652 1.3398 637.4271
0.5196 1.0901 378.3176
0.4853 0.6664 577.1219
0.9298 0.0073 293.3957
0.2486 0.2898 778.7730
0.7800 0.1305 890.7219
0.9040 1.1191 162.9153
0.5667 1.8890 605.5113
0.9976 1.1241 496.1765
0.8584 0.9726 852.0029
0.1435 0.5192 917.7851
0.3536 1.9155 111.9133
0.6297 0.9508 827.5783
0.3697 0.9622 763.7545
0.3957 0.7616 490.8044
0.4675 1.3871 921.9769
0.1663 1.3439 942.4853
0.4602 0.1116 358.4244
0.1477 0.9629 663.0464
0.8141 1.7865 179.4204
0.0229 0.2471 354.2715
0.1599 1.4241 743.9978
0.8017 0.9257 698.0185
0.2349 1.7867 421.8721
0.2652 0.1928 406.3714
0.1717 1.8393 527.5034
0.4370 1.0866 294.0574
0.5784 1.6610 115.5815
0.7610 0.3386 938.8863
0.3062 1.2195 23.5994
0.6868 1.1990 21.9950
0.2023 1.8259 29.6225
0.2979 1.6687 905.9547
0.2775 1.2379 418.9413
0.8475 0.0462 369.1390
0.9183 1.5076 294.8341
0.2750 0.0309 282.1443
0.5648 0.9492 656.4774
0.1098 0.1153 497.7149
0.5511 0.2726 463.0632
0.7644 0.6593 72.0746
0.7690 1.1366 843.4782
0.7265 1.6511 248.8470
0.2384 1.3110 939.6852
0.2676 1.4091 546.1323
0.5048 0.9925 427.0115
0.7630 1.8643 216.2769
0.8769 0.7546 837.6415
0.8038 1.2872 929.3779
0.1180 0.0631 90.3054
0.4635 0.5470 74.6869
0.1461 1.5333 388.9275
0.2285 0.8145 120.9343
0.1281 0.1106 554.8986
0.4879 1.7344 569.6997
0.8333 0.8901 664.3655
0.0118 1.3800 467.8156
0.6737 0.2651 132.2793
0.2632 1.1754 17.6831
0.3098 1.2017 575.2985
0.3293 0.0449 458.0630
0.7041 1.9453 532.7802
0.8886 1.7176 668.3745
0.5533 1.6176 558.0209
0.9940 1.1588 317.8562
0.5664 0.9925 949.5668
0.3587 1.4478 94.8522
0.0161 0.7151 499.6450
0.2641 0.7899 980.2228
0.0296 1.8603 77.2909
0.8950 0.0195 366.9889
0.6859 0.1095 3.6101
0.6558 0.3735 313.5766
0.2424 0.4308 426.8646
0.0523 1.9782 899.0448
0.1423 1.8385 679.6085
0.5066 1.9521 963.8182
0.0229 0.4001 937.9060
0.7692 1.5920 840.4514
0.8897 1.9985 97.9169
0.8654 0.1404 1.9998
0.9290 0.3316 720.7208
0.6919 1.5523 674.7932
0.6680 1.0971 933.4188
0.8715 1.7243 841.3402
0.9455 1.9924 234.2982
0.4243 1.9864 849.1779
0.5110 1.1024 186.6472
0.6050 0.0640 700.6900
0.9410 0.9815 514.6931
0.5896 0.2675 206.5227
0.6214 1.4283 198.6677
0.6049 1.6275 46.8469
0.4862 1.6358 718.3864
0.5926 0.7886 429.7923
0.2676 1.7945 57.8595
0.3183 1.7251 686.5896
0.7269 0.6580 18.3393
0.8612 0.2994 536.6289
0.3828 1.9934 232.0865
0.8105 0.0832 453.5391
0.3484 1.4892 734.7015
0.6711 0.7887 754.8592
0.0535 1.6648 397.9928
0.0092 0.9027 32.9808
0.2612 0.7139 417.3264
0.4646 1.8545 675.1681
0.3634 0.1669 623.0940
0.6879 0.8223 138.2395
0.2476 1.7333 52.1907
0.2974 0.8503 626.2125
0.8351 0.7106 773.0438
0.0294 1.3241 204.8610
0.9309 0.5090 670.3647
0.5221 1.4516 293.9259
0.7075 1.1960 395.3988
0.2793 0.9047 766.0076
0.5073 0.2968 388.1710
0.6150 1.0619 781.7145
0.4384 1.9284 254.8325
0.9595 0.2704 305.8866
0.2445 0.2555 154.5263
0.1737 1.0206 741.8970
0.3853 1.1715 789.7901
0.9752 1.6299 416.4924
0.7886 0.6937 157.0670
0.2512 1.5190 125.6994
0.4498 0.9668 532.5349
0.5713 1.5488 885.2104
0.6241 1.0917 480.5384
1.0000 0.8827 120.4961
0.9962 1.4965 984.3433
0.3066 0.1711 722.9547
0.1740 1.4275 982.8856
0.9160 1.7293 732.7609
0.9016 0.2523 501.6707
0.4702 0.5268 481.0289
0.3059 0.8436 909.6921
0.3186 1.1000 511.3794
0.6882 1.8698 600.7460
0.6109 0.1497 21.9605
0.2903 0.5156 372.6975
0.4713 1.4563 437.0873
0.8627 0.9022 28.1010
0.9498 0.7134 398.4813
0.2116 0.2837 723.7332
0.0277 1.7637 895.7860
0.9314 0.8903 875.8919
0.0996 1.6573 16.6447
0.2895 0.7535 219.7799
0.9490 0.2336 762.8297
0.6241 1.8207 454.4625
0.4796 1.7728 964.6477
0.2506 0.5764 801.9922
0.3634 0.1670 867.4103
0.1779 1.8558 715.8410
0.3896 0.6398 63.7592
0.0382 0.2302 877.9133
0.5030 0.6792 920.3481
0.9367 1.7017 193.3424
0.8421 0.9623 189.3884
0.0137 1.8743 315.3292
0.4375 0.1403 441.1440
0.2782 0.7260 641.4288
0.8096 1.1163 60.8375
0.0516 1.4238 8.2407
0.5122 1.0238 777.6507
0.6159 1.8502 929.9020
0.5492 0.0318 273.9741
0.4588 1.7989 21.4498
0.5326 0.6448 436.1600
0.1138 0.7898 933.5588
0.3655 0.5379 686.7309
0.7511 0.9555 517.8290
0.3803 0.7169 631.2325
0.9964 1.1752 826.6681
0.6423 1.2856 856.0549
0.3765 0.2304 32.4212
0.7318 1.0854 603.3262
0.3575 0.2187 302.0528
0.8620 1.0425 1.1592
0.1143 0.4816 962.4875
0.8323 0.8227 251.2514
0.1976 0.7908 897.6062
0.5970 0.9061 824.3562
0.5192 0.7001 297.3719
0.8843 0.0583 327.6445
0.5552 1.4713 317.0731
0.5317 0.5262 884.5661
0.6523 1.7703 779.6297
0.9440 0.8373 734.6760
0.3587 1.9115 858.5710
0.1426 1.3519 137.0975
0.8350 0.9135 52.5529
0.8801 1.5312 26.1710
0.3278 0.7173 918.7285
0.6368 0.9945 746.1660
0.4303 1.3209 45.5679
0.2925 0.8915 376.5844
0.9966 0.8858 291.3947
0.9443 0.3774 629.9847
0.2431 1.4283 250.1751
0.8142 1.6147 119.3449
0.4424 1.3984 80.9277
0.6490 0.7940 367.1751
0.9463 1.6235 443.7736
0.0710 1.0279 883.4061
0.8210 1.2784 464.8194
0.2535 0.2035 100.6326
0.9793 0.3026 482.3187
0.2312 1.0614 424.5423
0.4843 1.5758 655.8734
0.9141 0.3191 339.4514
0.8705 0.5014 672.3280
0.7242 1.1634 116.8432
0.5007 0.5807 202.0262
0.3307 0.3836 969.2016
0.6396 0.7666 447.5937
0.5265 1.0597 109.8005
0.0282 0.9409 697.0630
0.6080 0.9306 556.2112
0.8019 1.5091 138.9899
0.6825 0.6211 982.0793
0.3490 1.0639 404.9663
0.2529 1.0988 542.1529
404 285
8 476
468 308
203 491
158 491
402 190
447 136
46 61
89 359
76 387
63 385
467 246
141 497
218 445
376 491
233 99
491 176
111 491
136 325
136 57
393 491
255 136
326 293
136 202
237 399
362 455
491 177
443 209
491 354
136 13
378 384
57 402
58 369
153 147
293 266
386 136
240 130
136 10
136 151
307 301
115 60
408 216
453 139
101 255
89 491
59 182
81 213
437 66
354 284
496 491
157 491
427 491
443 416
231 136
64 9
189 491
366 491
263 491
174 65
143 236
52 284
136 69
313 341
385 413
136 205
162 150
7 491
136 15
230 114
179 450
136 487
382 300
309 289
8 489
44 330
491 443
208 34
218 233
197 491
491 143
416 491
136 448
136 421
204 136
491 315
68 82
65 218
491 306
347 491
52 491
227 51
343 447
491 29
60 384
252 491
385 445
12 334
65 382
428 330
262 136
136 437
491 317
136 72
374 491
139 266
491 59
136 244
316 387
206 131
145 491
454 491
65 212
331 34
136 253
403 136
17 372
125 491
40 491
391 367
445 75
382 492
103 492
136 190
136 269
83 491
57 500
295 84
104 497
136 375
257 491
410 22
473 21
112 318
85 136
211 307
394 405
219 207
287 154
434 491
423 491
92 136
34 8
218 457
51 363
491 283
159 215
136 471
29 34
147 246
5 60
136 133
289 207
207 262
364 125
308 297
224 171
456 491
152 491
217 377
382 266
491 60
235 136
491 481
438 266
109 140
489 260
491 180
432 136
283 34
136 14
136 336
468 17
369 156
491 242
186 460
424 482
136 153
110 386
127 162
491 182
67 491
288 491
243 315
491 444
41 390
135 76
491 357
360 112
168 303
141 135
59 276
491 274
418 58
367 185
491 426
34 463
141 423
358 104
230 304
234 293
87 385
7 254
491 224
52 470
491 209
49 2
168 333
491 355
484 382
385 75
136 343
405 491
320 207
210 488
131 22
264 435
162 136
102 491
348 171
187 136
215 77
207 428
129 491
290 136
136 495
136 450
287 179
245 2
268 491
136 399
365 491
260 476
136 183
491 483
13 325
443 208
162 399
334 136
491 272
305 136
436 469
164 491
407 188
140 491
136 457
491 497
23 105
308 136
488 491
136 445
189 470
491 78
491 136
34 452
34 215
491 363
431 136
136 320
136 234
235 325
104 83
20 395
414 108
80 491
470 284
453 362
105 68
491 62
294 110
156 418
19 68
17 85
491 373
446 491
394 64
19 491
111 281
136 417
136 344
440 29
34 203
388 136
136 212
166 136
473 136
191 136
70 465
491 400
293 96
51 390
343 437
136 126
31 261
8 215
491 485
142 136
351 307
491 476
9 37
302 136
415 171
336 408
136 35
491 113
56 136
224 415
11 136
69 65
491 18
500 136
369 136
308 17
173 162
438 161
390 463
7 390
206 226
491 188
469 483
150 377
161 266
491 451
491 264
12 33
396 491
478 215
130 477
275 136
308 445
428 136
188 400
313 41
136 137
382 408
491 208
381 325
367 490
314 136
491 282
491 175
491 276
306 367
359 491
463 288
441 11
293 231
130 136
163 487
188 481
284 188
136 270
216 128
382 120
439 381
427 303
491 461
200 167
228 269
231 326
335 136
32 22
238 311
43 142
5 221
136 174
34 220
286 136
229 491
60 317
142 266
491 318
346 177
146 491
53 299
136 438
90 376
136 312
455 430
382 428
266 136
365 423
269 196
50 164
481 284
136 398
151 75
36 220
111 90
72 408
403 150
162 377
266 362
40 131
79 444
265 163
61 385
497 135
136 371
91 478
136 412
420 491
491 247
206 360
354 31
280 136
445 307
491 171
173 150
375 216
295 491
432 408
346 318
491 298
175 243
387 157
469 491
456 34
39 36
101 136
136 223
491 333
499 377
311 470
322 258
375 128
352 491
28 136
491 5
136 287
491 406
240 12
290 329
491 277
391 493
22 8
325 439
316 157
179 212
136 228
144 344
367 113
139 187
2 143
460 394
37 148
491 68
491 98
491 168
3 491
34 160
358 491
136 326
213 491
136 309
136 127
341 491
136 43
372 136
426 338
34 497
204 130
395 382
353 296
136 124
79 491
445 249
178 307
249 136
206 361
92 441
266 234
124 431
136 439
136 53
143 79
136 173
136 163
136 88
500 204
470 272
125 283
400 146
158 288
488 112
382 397
244 53
219 204
345 136
149 480
124 325
331 491
142 330
7 461
405 496
131 491
387 122
275 17
136 116
245 491
225 491
136 1
140 199
264 478
247 41
136 251
381 136
15 191
90 281
368 220
218 431
49 34
393 227
136 48
491 32
37 491
295 220
36 491
397 246
18 311
443 98
20 192
404 23
489 491
404 34
136 107
198 468
52 475
491 401
494 7
467 382
402 204
20 107
68 71
204 207
472 491
484 136
299 388
491 316
428 377
491 206
232 144
229 81
491 480
147 136
119 462
179 250
479 330
145 452
16 136
240 204
224 70
235 124
439 13
55 42
69 290
136 479
152 476
34 267
136 474
136 26
169 68
68 25
491 378
150 428
109 199
34 257
138 136
303 491
114 55
498 135
183 144
347 427
468 94
65 136
92 11
204 121
231 266
491 415
168 134
195 491
452 359
266 395
185 115
279 488
283 176
289 136
136 385
53 495
328 53
200 136
34 440
31 215
108 181
476 264
382 280
491 390
136 294
330 21
449 60
327 17
226 361
89 452
220 318
1 319
278 136
2 227
152 264
335 10
136 477
142 234
491 214
266 430
492 136
136 408
51 7
109 491
230 55
437 205
33 1
324 34
161 231
136 418
54 426
286 65
404 68
413 63
122 491
159 491
136 377
136 291
199 132
390 9
121 136
136 17
230 273
358 34
421 312
318 206
136 425
64 491
238 18
12 136
156 58
491 340
55 67
268 37
136 353
492 20
54 491
179 429
218 301
175 62
414 136
214 199
308 16
119 220
284 358
468 136
110 61
491 321
310 491
166 308
388 4
175 34
271 136
354 34
21 136
136 193
151 424
41 491
184 491
412 278
491 490
8 206
161 136
99 218
168 347
383 266
451 475
445 207
447 437
491 71
176 106
242 176
166 190
134 303
382 212
149 491
136 459
299 136
136 392
136 482
491 323
136 413
493 367
114 491
119 491
136 150
310 42
172 29
7 363
112 491
179 136
66 136
303 164
491 22
491 436
491 410
379 136
158 405
205 249
420 470
51 434
491 279
228 424
136 250
389 485
428 266
94 136
36 346
8 491
361 360
166 409
330 136
64 460
491 493
367 60
419 180
184 263
23 180
213 359
8 264
136 61
158 390
25 491
105 180
303 224
370 491
222 136
136 232
214 140
390 247
136 259
298 276
329 286
388 445
19 373
136 139
423 497
108 10
364 491
20 136
454 115
185 491
77 31
465 164
424 136
483 34
118 37
39 491
136 4
330 403
372 308
165 269
465 491
34 76
115 491
491 452
105 491
388 38
42 368
462 374
162 45
227 390
268 97
34 71
258 376
176 175
397 136
491 361
307 218
374 220
431 325
441 482
491 348
375 382
213 452
491 172
267 491
9 491
237 136
491 194
304 491
156 136
349 246
210 491
190 308
315 62
139 362
491 81
2 491
136 300
86 136
129 42
181 136
455 136
227 34
34 469
34 62
472 463
211 178
178 136
491 230
492 239
75 11
21 302
491 169
491 141
346 411
269 151
95 426
136 99
167 136
172 221
10 305
115 367
491 95
298 257
376 339
465 303
388 151
339 34
97 9
202 399
396 260
90 303
491 199
387 491
491 148
307 232
437 345
491 360
91 435
144 136
412 234
284 491
50 491
396 489
136 265
23 458
108 136
374 39
399 45
328 136
166 486
393 352
385 372
160 491
419 491
115 225
277 7
49 62
206 338
491 91
379 388
136 248
385 386
136 201
46 110
491 440
104 491
365 497
248 139
382 336
258 491
375 408
269 424
432 216
41 37
281 303
99 431
136 233
285 456
102 443
19 401
65 329
17 26
58 330
199 358
78 146
491 55
285 491
27 491
136 110
221 491
296 211
10 377
82 491
207 136
385 110
159 478
208 125
8 260
235 433
136 351
136 120
330 266
90 491
445 382
256 491
292 486
319 136
491 346
462 491
226 491
44 136
491 367
465 224
136 219
295 368
453 136
58 136
136 429
240 1
470 358
215 264
167 438
383 136
135 491
218 69
136 402
491 236
395 136
499 136
108 428
15 222
491 458
123 330
288 472
136 296
402 500
178 296
323 135
430 383
41 341
491 404
60 256
189 238
136 342
167 266
73 136
205 144
187 453
338 491
494 491
266 455
136 350
491 356
136 246
70 491
134 491
279 112
97 491
136 332
60 274
136 292
349 421
29 60
281 491
118 491
430 136
220 491
411 27
407 491
491 77
154 270
136 100
136 63
88 255
267 303
312 246
473 330
136 467
411 491
15 13
79 49
394 491
239 382
342 162
69 457
441 136
136 45
491 449
238 491
389 491
136 192
136 382
136 154
118 148
199 272
24 136
491 42
255 308
61 193
303 339
243 491
331 469
204 308
357 206
294 46
34 276
491 106
8 220
498 491
220 462
349 136
491 23
433 124
303 50
117 136
34 68
193 87
46 136
136 409
34 390
130 121
486 136
491 339
304 241
483 184
215 485
448 492
391 491
34 367
136 301
491 464
56 65
411 177
34 491
337 303
443 267
214 132
169 373
38 136
428 10
301 211
466 491
200 438
136 87
64 186
458 180
433 136
378 60
342 377
136 297
149 367
384 115
313 491
368 491
15 425
329 136
116 65
99 314
193 385
60 34
311 491
82 401
165 136
254 491
380 249
491 84
463 452
34 306
10 181
491 260
31 491
330 302
491 324
221 29
136 240
33 136
398 17
51 321
136 170
2 34
49 491
136 380
204 190
347 303
34 368
441 424
491 478
93 491
307 205
37 390
189 311
136 239
75 136
492 107
388 35
136 198
442 491
270 287
491 463
491 215
491 384
75 63
297 468
241 491
325 191
218 136
136 327
491 76
105 419
298 34
308 88
307 136
412 293
339 42
390 461
302 403
459 144
12 219
491 132
491 435
217 10
136 30
472 370
95 40
44 142
492 395
491 51
150 330
136 216
136 362
241 230
491 460
391 480
273 491
100 307
466 199
153 397
303 415
196 136
94 17
261 491
342 127
379 53
399 173
382 259
136 217
368 84
322 491
355 346
65 445
211 136
227 491
6 136
470 491
96 136
441 75
422 136
148 268
144 345
9 405
325 99
389 77
421 155
103 136
475 491
34 285
42 241
293 136
326 96
291 58
491 186
241 55
179 270
354 215
409 486
74 136
2 236
452 203
151 441
266 248
450 429
47 491
136 123
348 224
58 479
207 309
128 136
29 5
136 155
408 253
207 308
337 491
27 346
264 91
475 284
