500 1200 1 338 269
695.2891 162.8753
0.6917 0.3966 166.6972
0.9333 0.6178 757.0398
0.6530 1.2623 63.7005
0.1828 1.9004 439.4340
0.6336 0.6710 332.0125
0.6235 1.5247 169.4613
0.4659 0.6884 49.9879
0.9277 0.3589 565.3879
0.3060 0.0393 849.1912
0.9149 0.6251 231.9386
0.9316 1.0141 412.3963
0.6410 1.9829 749.9919
0.7734 0.9477 750.4665
0.2266 0.5957 139.1978
0.8327 1.8296 422.3947
0.8282 0.1999 31.3445
0.8136 1.5622 40.3102
0.2886 1.5390 419.4307
0.7684 0.2388 74.4716
0.3689 1.0988 577.3702
0.4413 0.4555 707.8922
0.0805 0.9474 30.5549
0.6611 0.0804 609.0271
0.8143 1.6323 766.5267
0.6215 0.7350 538.2029
0.9222 1.3550 28.5110
0.1040 0.5822 424.6762
0.3828 1.5502 926.7622
0.2270 0.4234 520.3285
0.9623 1.2853 218.1035
0.3194 1.4853 257.3756
0.6213 0.9453 434.0445
0.2084 1.7286 417.8711
0.8679 1.4072 393.1951
0.1006 1.2584 878.8812
0.9784 0.0204 907.8003
0.6459 1.4454 848.0385
0.2658 0.3747 835.8506
0.2367 1.5702 723.5565
0.6866 0.4840 834.3026
0.1670 0.2750 420.3614
0.1115 0.7576 938.0929
0.5621 0.8037 733.9759
0.5806 0.3576 578.5845
0.9539 1.5463 821.5334
0.6252 1.8356 786.7338
0.1445 0.9367 32.4784
0.2728 0.9683 944.1944
0.2383 0.6448 153.7393
0.2114 1.6613 454.0349
0.0832 1.9518 959.8851
0.6541 0.1975 774.0046
0.7065 0.9828 700.0681
0.5171 0.8400 92.0309
0.7666 1.9613 463.1502
0.5713 1.9390 48.4031
0.0785 1.3303 817.0481
0.1193 1.9393 298.6163
0.3900 1.8842 928.8777
0.3533 0.2311 728.1858
0.7580 1.2147 519.5653
0.2190 0.4366 855.6562
0.2357 1.6102 828.4607
0.1515 1.5228 435.8716
0.5728 1.5536 389.4224
0.6382 0.9128 177.9504
0.9652 0.0777 455.9132
0.9760 1.6280 397.0874
0.8611 0.8444 719.5271
0.9434 1.6087 467.4284
0.6832 0.6967 882.5490
0.4886 0.8705 765.0408
0.0530 0.7038 228.1651
0.1066 0.1100 816.3548
0.4068 0.8496 31.6620
0.4294 0.2342 911.9358
0.2630 1.2308 785.1272
0.0549 1.7288 953.3390
0.4627 1.1327 714.7882
0.9179 1.8157 304.2036
0.3721 0.7677 623.7238
0.4988 0.4398 419.2977
0.8148 1.5181 230.5984
0.2095 0.3115 204.1617
0.1845 1.4077 278.1379
0.1908 1.5147 468.3817
0.7295 0.0914 243.1600
0.7545 1.8843 827.9511
0.1026 1.0735 764.3987
0.0809 0.7853 773.7815
0.4408 0.9187 531.8634
0.7569 1.9342 190.0065
0.5926 1.4377 291.0269
0.5263 0.2845 2.2552
0.4843 1.3011 338.7336
0.9010 1.9395 709.5221
0.9105 0.5916 538.6035
0.9493 1.3733 634.5563
0.9892 1.3387 477.3289
0.0125 0.9429 628.0993
0.3593 0.8859 693.9465
0.4458 1.1591 223.3419
0.7381 0.8578 480.7137
0.7011 0.5200 129.6678
0.1152 1.2043 685.3683
0.0303 1.1447 13.9186
0.7139 1.1498 79.2460
0.5507 1.5219 767.8640
0.0208 1.5437 898.9350
0.1617 0.2564 210.8013
0.2621 1.3018 754.7261
0.9388 0.1743 288.4516
0.0246 1.9499 492.4929
0.3548 0.3482 442.3036
0.1125 0.6566 31.0460
0.4712 1.2835 405.2082
0.8011 0.2903 435.2404
0.2659 0.3478 227.6593
0.1817 0.6434 985.4454
0.5765 0.4009 463.6840
0.3161 0.4292 76.5439
0.8843 1.5944 364.8639
0.0832 1.1178 231.6124
0.3245 1.8373 143.1913
0.7044 0.2911 557.0229
0.2475 0.7090 822.5798
0.6217 1.6467 315.5016
0.5188 0.5631 450.5768
0.1264 0.1627 179.0000
0.3297 0.5028 28.0296
0.3210 1.2466 126.0408
0.5096 0.7993 393.6796
0.4907 1.4597 438.5861
0.5375 0.0333 397.4877
0.4792 0.3495 147.4411
0.3396 1.3964 750.5858
0.9971 0.8259 843.0735
0.0172 0.6042 885.0445
0.8947 0.1681 46.0963
0.8646 0.8742 998.1811
0.1880 1.7868 116.8370
0.7172 1.6637 316.2970
0.8098 1.4384 195.4446
0.7472 1.1258 699.2352
0.9599 1.9597 982.3518
0.1565 1.2296 845.5421
0.4612 1.7639 458.0979
0.4279 1.5527 588.7251
0.5512 1.4400 404.6139
0.3656 0.7234 465.9587
0.0162 0.1907 882.7320
0.1543 1.3789 165.7947
0.4302 1.4249 856.6693
0.8017 1.7156 765.4146
0.9203 1.5399 326.7351
0.9603 1.6148 816.6737
0.1298 1.9032 446.5617
0.3168 0.9308 773.7516
0.9104 1.7293 474.6640
0.3908 1.5533 26.0320
0.7631 1.5276 869.4603
0.7991 0.6221 445.2440
0.7616 1.6938 115.4848
0.5170 1.8325 737.1489
0.9754 0.5617 363.7235
0.3585 0.5844 717.9012
0.9187 1.8218 145.8425
0.8097 0.9075 252.1565
0.8209 1.9762 849.9765
0.5311 1.4622 148.4529
0.1914 1.5833 919.0963
0.5242 0.0049 169.3042
0.2359 0.6562 459.3731
0.6869 1.5003 638.8432
0.8039 1.4843 110.7538
0.3817 1.8788 863.9049
0.8157 0.4553 784.1901
0.1301 1.6745 360.5939
0.3187 1.9562 898.5186
0.8207 0.9513 277.4958
0.2569 1.3506 577.4814
0.1664 0.0708 47.8258
0.6087 1.3962 939.3623
0.4149 0.1382 636.1930
0.3270 1.0199 37.9769
0.6520 1.2695 172.6181
0.3670 1.6123 601.3099
0.4757 0.2338 767.3710
0.6364 0.7057 832.4726
0.6006 0.0585 288.6334
0.1758 0.9083 940.2313
0.3303 1.5403 554.4755
0.8088 1.4160 897.0897
0.9751 0.9040 989.2211
0.0448 1.4970 136.7232
0.2497 0.3781 878.8653
0.0642 1.2939 71.1301
0.8470 0.9287 345.8155
0.3141 0.5094 301.2817
0.8273 0.9432 69.4492
0.6605 0.1482 291.3252
0.7537 0.4327 103.2829
0.0358 0.1905 595.6264
0.9659 0.4495 988.5364
0.4223 0.9411 656.4493
0.5057 1.4193 745.1497
0.5202 1.0653 948.7947
0.5653 1.9950 421.4897
0.5518 1.7640 873.7186
0.4728 0.3930 705.0652
0.9425 1.8086 488.6609
0.4170 0.5729 557.8295
0.7921 0.2866 866.9444
0.0821 1.4452 752.1484
0.7769 0.6167 10.9627
0.7176 1.5873 598.0592
0.9674 1.1441 443.4842
0.4532 0.1471 255.1102
0.5475 1.0385 15.5938
0.3334 1.1558 131.0464
0.5276 0.6645 490.7657
0.2783 0.2047 281.5540
0.1237 0.3107 893.8736
0.1235 1.9616 483.8052
0.6300 1.9810 977.6564
0.3698 1.1549 588.7949
0.7351 0.0682 507.0379
0.2341 1.6163 439.0354
0.2204 1.4968 394.3293
0.2977 1.6964 621.7395
0.4496 0.5083 734.2499
0.9005 0.2243 179.3208
0.0570 1.5089 571.5139
0.1334 1.4416 761.4815
0.0756 0.9643 41.2598
0.5329 1.0613 656.4210
0.7976 1.4721 535.3443
0.8854 0.0384 802.0361
0.4894 0.1134 978.3476
0.2461 0.2743 547.8369
0.5713 0.2985 657.1611
0.2490 1.2394 698.2859
0.9185 1.3474 237.5325
0.3635 1.9830 11.3122
0.9401 0.6036 226.8971
0.4130 0.8715 958.4626
0.5941 1.7346 906.1299
0.5407 0.1966 754.2456
0.8464 1.5153 291.5244
0.1977 0.6382 494.8286
0.6955 1.9906 531.4740
0.2001 1.6047 428.1074
0.4851 1.3139 660.2408
0.9955 1.4519 74.9124
0.3553 1.9875 293.6164
0.3984 1.4388 135.0670
0.7594 0.4277 427.2896
0.3718 0.1503 721.1023
0.9405 1.8100 628.3886
0.8518 1.6045 220.0161
0.7709 0.9133 277.5999
0.3239 0.7167 524.9396
0.1121 1.7122 927.6724
0.9784 0.6737 301.8884
0.6620 1.8182 277.3192
0.0623 0.1421 210.3766
0.7510 1.5357 256.6766
0.7159 1.2136 958.1473
0.8750 1.5816 115.3171
0.7143 1.4525 657.5736
0.0791 1.0933 114.2529
0.7250 1.9061 928.4291
0.8360 0.1935 387.4249
0.4651 1.2315 736.8484
0.3316 0.3334 25.6576
0.7626 0.9168 178.0077
0.9242 1.0208 60.2731
0.4144 0.4162 617.1446
0.9599 0.3895 953.0353
0.8571 1.0574 338.7368
0.6099 0.8280 556.6295
0.8877 0.2964 4.9215
0.6031 0.1163 854.6668
0.5873 1.2799 484.9863
0.6991 1.4967 407.6181
0.1903 1.1231 306.4260
0.3874 1.8760 981.0132
0.8666 0.4509 565.7992
0.5589 1.5002 850.2312
0.4556 1.6600 895.8211
0.8533 1.4501 731.9584
0.2516 0.0616 712.5318
0.8047 0.1008 978.1961
0.2581 0.2947 359.3926
0.8657 1.7428 133.2622
0.6963 0.3067 850.5306
0.3127 1.5604 314.9432
0.6308 1.0196 195.3887
0.6047 1.7058 144.6805
0.4788 0.5565 976.7495
0.2114 1.0561 337.9169
0.3496 1.3054 767.9009
0.1950 1.1475 868.1676
0.5977 0.8732 818.6571
0.8513 1.3274 13.1286
0.5955 1.1942 936.3417
0.2271 0.1351 920.3068
0.1849 1.5975 744.4329
0.2248 1.3915 910.9440
0.6978 1.2254 126.7642
0.7700 0.9009 786.6601
0.1382 0.1128 183.4322
0.7740 0.6080 892.8348
0.2216 0.6295 978.2023
0.8836 0.3175 242.8665
0.1386 0.3001 593.4466
0.4416 0.3788 544.1639
0.4710 1.2931 597.9882
0.6717 0.4910 251.5559
0.8617 1.8104 427.0268
0.8528 1.3584 296.7009
0.8621 1.8722 100.3421
0.2064 1.1864 354.7244
0.1245 0.9877 108.3079
0.3818 0.8700 852.4762
0.6146 0.9022 489.1477
0.7200 1.6709 295.4307
0.3984 0.5783 207.8915
0.2009 0.9299 340.9496
0.4325 1.9781 651.2579
0.7948 1.6681 123.3266
0.8817 0.8248 555.0861
0.3107 0.7478 984.3003
0.5266 0.4999 492.4870
0.9079 0.3185 962.9667
0.3167 0.4746 426.7046
0.8786 0.6329 735.2827
0.8703 1.3716 340.5633
0.4550 0.8829 911.8267
0.4253 0.1968 608.0229
0.5786 1.3421 399.9968
0.0954 1.6145 312.9639
0.1931 1.8256 960.3698
0.2314 1.4613 734.9062
0.6227 0.1275 137.7068
0.2519 0.7161 352.3722
0.6107 0.0329 130.9061
0.1462 1.3780 317.7192
0.2649 1.0761 789.6696
0.8697 0.6601 33.4299
0.3140 0.7160 272.7134
0.0240 1.2644 637.0834
0.5251 0.5187 483.3096
0.7015 1.0377 880.1862
0.8514 1.6896 806.7030
0.7755 1.4168 941.0822
0.5673 0.4158 530.6433
0.0632 0.8893 978.8992
0.0784 0.7774 602.7978
0.5364 1.3957 979.0147
0.2477 1.7330 998.3364
0.3558 1.7240 151.1489
0.8867 0.9116 442.6091
0.0410 0.0832 25.4556
0.2835 1.2972 498.4461
0.9565 0.7084 824.7140
0.2287 1.7318 854.4300
0.5870 0.3840 530.6263
0.0479 0.8029 437.9960
0.2552 0.0463 703.2571
0.8464 0.5105 504.5290
0.0332 0.4375 429.2743
0.1695 1.0021 188.2580
0.3001 1.3828 68.0307
0.2156 1.0217 266.7041
0.5142 1.6120 344.9969
0.4031 1.9939 792.4871
0.1621 0.9328 268.5513
0.6973 0.0917 65.7409
0.0199 1.7291 582.2681
0.9669 1.8973 268.4180
0.3888 0.0664 54.9070
0.9946 1.9213 514.5912
0.4218 1.6411 514.6471
0.0814 0.3828 896.8640
0.9800 0.8531 831.4695
0.7555 0.6654 66.8674
0.9380 1.5699 625.3920
0.3825 0.2712 870.9084
0.0121 1.2622 619.2066
0.1822 1.9270 517.1786
0.4940 0.9753 780.5360
0.8176 1.6458 298.2840
0.9763 1.8622 644.4041
0.3033 1.1114 358.0507
0.4293 1.4766 544.7701
0.0232 1.9708 982.6257
0.8881 0.5749 113.5345
0.7418 0.9889 585.6542
0.0098 0.5965 56.9719
0.8751 0.7742 708.5636
0.3083 0.5273 673.7736
0.6810 1.3400 893.5805
0.0916 1.2906 502.8751
0.6066 1.5398 666.6052
0.9155 0.5566 709.4159
0.1857 0.2608 672.1886
0.0662 1.5740 760.4003
0.5088 0.3100 279.9155
0.2876 1.0643 593.0610
0.6166 0.4035 787.7547
0.1770 0.8241 476.6092
0.4120 0.8140 894.5097
0.1004 0.8285 883.4017
0.1203 1.2854 810.3052
0.4720 0.1418 802.5511
0.9675 1.1571 707.5182
0.1061 1.7834 92.2923
0.8833 0.3911 176.5969
0.4938 0.2272 699.6740
0.8229 1.0309 675.3821
0.0019 0.0277 215.8577
0.4800 1.2052 62.3632
0.6410 1.5963 72.9901
0.6372 0.4137 944.0991
0.0714 1.4274 390.6464
0.5807 0.9179 56.7044
0.0920 0.9550 398.4288
0.9343 0.3956 804.6709
0.5224 1.5848 528.0873
0.8362 1.6335 258.8410
0.9062 0.7202 304.6466
0.5742 1.4574 658.9565
0.4066 0.9537 974.5622
0.1962 1.3106 792.3474
0.3640 0.1774 633.3538
0.7311 0.1245 89.8663
0.9372 1.6565 431.4778
0.8946 0.6200 164.0632
0.6458 0.4953 246.2637
0.5241 1.1611 875.8616
0.2552 1.9997 58.1714
0.4639 1.2091 983.2858
0.3849 1.1083 184.6410
0.8866 0.8457 166.1718
0.5298 1.8497 24.8338
0.4438 0.0211 832.4245
0.8394 1.2233 341.5887
0.5527 0.4039 801.2117
0.3518 0.8714 450.2850
0.4502 1.6391 558.4721
0.6009 1.7783 452.6128
0.1101 0.9770 401.5578
0.9365 1.0253 214.5403
0.2080 1.2725 407.3476
0.8050 0.1668 250.1792
0.5957 0.5807 130.8258
0.4452 1.5304 40.0443
0.2608 0.7552 725.5421
0.9726 0.2254 634.7731
0.8913 0.9613 644.9906
0.2203 1.8876 333.1182
0.7548 0.9866 70.8044
0.4376 1.9381 594.9922
0.8709 1.7544 912.0498
0.2800 1.8765 686.8932
0.0780 0.6903 395.9348
0.0918 0.7779 890.4310
0.3075 1.3911 568.7598
0.4016 0.2994 389.0033
0.0882 1.6858 366.6582
0.0502 1.6544 637.4510
0.7630 1.2255 863.0087
0.8895 0.0560 902.7705
0.1767 1.6260 735.6770
0.0905 1.3393 539.3289
0.3621 0.7252 872.7368
0.1823 1.9816 692.0299
0.7814 0.1773 656.2213
0.0197 0.3344 997.5510
0.6481 0.5241 155.0164
0.9221 0.2019 244.2700
0.6959 1.6622 938.9549
0.8003 0.6270 459.6428
0.3525 1.0439 444.7136
0.4468 1.6027 379.5247
0.1116 1.2687 575.0899
0.8218 1.1788 833.5162
0.7852 0.2229 15.6791
0.3585 0.6814 422.0914
0.1830 0.9542 188.7756
0.7419 1.4138 625.8466
0.6738 1.1648 20.2611
0.6549 1.9145 845.6920
0.3102 1.7421 783.7542
0.7854 1.8716 991.2557
0.2972 1.0705 712.8685
0.1928 1.6543 3.6263
0.7310 1.8895 375.3939
0.0808 0.7463 399.1092
384 289
248 436
144 42
71 457
34 494
144 164
69 200
44 162
17 265
358 453
429 366
321 291
252 39
143 193
74 79
179 176
182 224
366 282
162 180
130 38
466 462
383 67
144 332
54 477
144 170
259 167
9 377
186 367
369 73
144 352
69 401
436 188
395 400
283 345
204 454
144 93
194 264
164 179
290 37
352 397
144 354
350 257
144 338
151 123
296 337
73 385
46 377
122 272
414 144
246 144
144 493
144 451
200 198
118 336
32 144
327 237
82 334
379 184
498 39
16 204
225 92
89 349
465 144
450 205
144 18
175 327
475 478
389 104
105 109
402 66
47 359
144 220
144 253
44 409
398 436
435 214
205 119
319 144
488 144
300 144
284 144
266 138
251 80
144 396
144 116
301 89
144 57
144 227
478 182
400 100
219 42
144 127
144 438
144 146
328 300
480 400
163 144
144 358
385 369
345 184
476 57
105 144
12 92
108 442
453 369
405 285
127 473
233 78
172 272
262 14
234 408
144 13
313 215
265 46
454 479
419 2
402 166
240 166
376 405
139 201
7 240
207 359
173 75
5 128
320 488
10 406
251 167
448 465
157 418
483 164
173 413
26 251
158 412
346 144
25 221
255 9
417 383
437 345
306 144
21 278
315 245
376 292
213 406
64 263
396 341
485 375
465 320
145 144
188 76
452 483
405 174
253 478
426 233
414 378
218 184
144 419
144 367
294 60
447 269
139 144
425 44
185 207
414 90
166 144
46 244
479 456
471 408
216 164
152 348
144 466
296 420
363 144
9 452
144 329
350 144
106 144
262 144
294 328
144 445
319 389
148 183
87 144
371 296
54 354
69 144
357 440
443 144
294 121
129 182
57 74
323 105
477 32
381 30
341 186
144 216
459 298
123 144
362 486
144 433
225 12
176 299
316 223
109 323
259 45
181 263
394 144
418 182
48 144
234 111
297 33
492 61
288 97
144 77
60 409
437 67
104 168
125 340
10 97
357 144
244 377
255 46
314 75
205 91
461 144
334 311
187 495
168 40
144 100
214 78
108 466
98 144
375 47
200 144
247 209
144 199
113 380
491 378
407 262
144 473
60 425
213 2
413 72
9 56
266 372
443 455
242 455
279 273
317 144
144 34
202 257
260 56
144 24
381 144
90 207
144 459
144 75
177 421
341 361
144 45
269 338
249 393
80 144
90 491
5 189
291 431
264 144
110 351
428 453
350 401
391 50
312 408
158 144
144 81
188 257
58 182
144 413
486 466
498 391
361 160
135 389
274 306
144 180
110 407
59 299
435 455
480 144
243 322
428 144
240 130
213 52
134 110
241 188
349 144
283 394
144 36
115 144
323 144
36 99
64 478
144 5
292 144
144 299
491 185
490 477
169 23
210 144
83 464
426 144
319 104
11 204
334 317
292 179
480 138
284 63
411 144
128 275
144 103
350 421
144 176
31 284
243 26
316 158
389 481
47 144
144 171
236 468
96 45
66 240
443 435
280 2
62 477
310 28
291 249
472 476
265 377
144 324
177 350
201 144
309 107
259 96
167 80
481 387
329 191
356 216
482 184
321 305
298 144
224 342
407 258
144 181
144 481
324 73
114 275
285 176
96 144
100 123
416 273
285 144
144 65
282 429
252 391
144 53
144 143
358 372
74 113
144 402
110 447
495 144
112 137
348 435
188 177
5 275
461 10
35 144
433 403
282 144
232 479
144 219
245 280
123 422
239 184
98 156
416 479
314 413
292 108
193 144
60 411
255 244
258 16
144 136
252 498
144 191
362 403
335 429
351 41
53 7
44 436
144 140
60 240
388 144
447 34
441 487
139 184
229 86
214 77
439 144
138 301
144 226
240 29
144 290
144 186
327 452
203 480
86 144
481 440
51 408
144 104
144 336
144 206
321 144
256 33
359 414
138 235
72 81
494 56
200 180
436 432
85 58
144 302
284 50
47 485
91 450
412 115
309 144
119 450
364 79
393 330
425 162
144 361
144 395
450 459
58 274
466 343
164 267
234 224
411 425
240 38
152 111
373 47
312 224
469 144
484 411
28 160
74 144
239 23
361 396
265 163
144 342
359 90
214 242
1 257
53 130
332 296
268 144
202 69
391 478
359 223
398 144
436 407
345 293
240 304
110 382
372 385
177 436
135 144
327 464
76 436
8 489
144 366
144 397
229 178
460 139
391 466
147 405
410 22
64 181
69 198
141 256
320 144
144 26
430 144
1 241
458 144
389 440
490 326
399 144
288 144
144 205
247 144
144 464
71 276
222 436
483 142
356 164
14 407
144 137
88 144
354 477
137 217
300 399
131 443
111 144
387 144
10 340
144 390
159 55
435 144
144 68
164 452
343 141
372 369
238 379
7 38
386 456
318 144
211 144
50 498
193 175
499 144
412 27
289 433
418 144
12 172
468 414
144 326
221 328
316 359
97 340
130 118
176 61
399 328
43 144
27 316
144 406
60 470
144 91
144 427
168 313
92 208
59 287
76 94
372 138
83 46
364 151
165 194
340 213
72 144
361 360
155 251
55 322
368 411
62 84
468 115
429 8
135 440
311 276
372 235
364 266
144 404
313 144
201 184
405 370
144 374
224 58
275 463
280 315
227 381
241 94
184 273
132 196
144 21
198 144
422 286
338 355
404 146
86 309
417 217
422 106
313 368
172 208
394 99
441 57
144 7
45 167
144 412
160 230
385 129
144 183
324 223
214 408
61 144
160 495
113 144
56 431
237 193
464 143
30 144
468 191
46 144
200 202
144 33
86 344
227 156
353 71
353 334
144 20
173 144
460 137
342 234
273 258
110 347
144 476
269 110
144 315
283 87
70 167
403 144
342 111
93 403
110 119
300 231
185 144
495 466
243 144
444 144
53 281
167 144
178 308
224 408
380 35
363 398
189 300
262 72
336 328
221 399
209 164
6 376
254 144
144 110
42 48
407 222
152 408
227 238
476 426
475 308
140 69
179 59
372 129
126 346
18 63
292 124
369 358
12 382
305 56
392 110
217 383
259 169
292 164
180 1
154 56
432 363
445 296
254 36
410 144
480 266
60 120
114 21
208 496
309 116
58 306
144 296
90 185
248 213
188 350
385 110
105 380
483 144
281 38
144 468
425 409
308 144
413 351
76 44
84 144
413 333
371 436
460 144
144 482
499 338
211 156
307 292
94 1
144 386
489 429
144 310
381 238
255 327
333 144
283 184
447 355
144 475
492 144
485 144
283 379
258 110
297 192
100 203
278 60
499 272
134 155
110 459
100 480
271 144
118 240
134 488
237 144
160 148
388 251
263 418
167 134
1 44
133 28
279 454
121 275
274 144
229 344
144 130
17 144
250 110
436 52
142 161
449 135
380 109
192 367
127 176
423 455
64 157
57 472
110 499
144 474
70 45
104 120
240 407
74 312
85 418
122 144
361 28
416 386
436 340
18 228
144 360
208 122
430 37
341 144
416 482
102 144
332 421
312 129
55 144
353 103
51 224
231 275
144 267
249 144
184 258
144 291
303 74
77 78
144 305
386 482
176 405
84 240
60 407
233 476
141 18
144 375
490 150
415 144
464 255
164 247
323 380
398 420
190 169
178 64
11 144
121 60
165 479
37 144
130 281
144 22
144 453
172 225
307 9
406 419
60 389
110 12
240 144
478 171
288 125
240 490
224 144
310 360
144 303
196 490
126 339
424 61
340 288
266 203
19 245
208 295
80 388
325 91
207 144
89 444
144 393
211 227
167 169
307 494
427 62
478 466
144 133
144 401
183 495
262 351
4 50
251 243
484 162
107 144
144 494
236 144
298 91
182 307
110 239
436 213
295 144
144 376
115 42
110 494
153 3
187 183
144 277
24 393
222 258
149 458
442 466
10 213
311 317
442 307
49 413
144 250
142 327
225 208
495 361
33 153
500 316
144 242
465 208
326 54
16 436
35 146
192 144
63 144
152 144
306 493
160 187
187 148
244 9
98 227
234 471
446 327
144 275
74 352
480 89
261 144
98 211
229 144
314 126
213 419
327 144
300 25
144 491
144 379
96 169
243 159
478 178
370 124
370 179
126 75
144 368
151 390
135 319
267 356
169 227
141 495
144 330
144 31
95 308
481 470
301 480
348 144
10 144
224 471
144 400
112 184
144 449
492 176
488 251
1 162
144 421
452 307
275 212
19 282
144 252
160 458
79 144
410 497
251 144
345 36
364 203
208 320
373 144
477 29
432 288
228 63
316 412
58 493
144 256
100 151
397 113
362 384
110 190
3 144
405 6
144 377
379 30
161 144
180 202
334 276
57 380
307 110
78 144
83 144
54 144
144 168
99 144
414 491
249 154
386 194
251 134
360 206
126 250
328 212
164 59
144 497
484 144
297 153
157 478
11 8
395 100
220 105
414 500
240 402
123 286
431 321
380 197
384 403
144 362
144 160
144 208
164 307
40 313
144 2
60 313
285 147
240 62
144 423
42 329
277 366
144 417
258 436
154 377
344 144
468 500
137 345
363 439
434 110
217 144
110 314
383 254
249 431
392 144
176 59
52 117
144 174
324 110
355 144
14 41
454 144
405 124
114 60
394 345
221 300
101 450
66 144
376 65
144 97
458 148
477 144
274 224
466 4
144 85
272 144
144 194
166 43
255 452
61 285
232 279
294 240
215 168
361 206
284 39
377 331
144 432
15 208
95 144
442 478
77 242
50 39
178 309
144 304
496 144
49 351
52 489
71 144
144 316
144 165
113 220
28 144
472 195
41 407
273 218
110 41
272 208
331 144
328 144
270 144
369 324
153 144
289 486
478 144
365 144
110 169
269 355
450 325
234 152
301 235
1 188
327 483
325 298
309 181
312 472
477 150
318 344
254 417
495 486
60 40
292 370
436 409
457 334
300 275
181 178
125 436
379 227
229 469
443 423
449 440
210 60
489 204
182 110
424 176
368 60
5 231
116 86
395 271
410 372
188 94
292 37
56 377
410 235
134 92
436 363
301 144
240 196
144 420
421 371
218 258
144 359
448 144
16 273
15 144
438 80
144 6
378 144
212 300
420 436
245 117
323 197
455 131
243 55
410 301
136 478
336 130
435 408
62 144
387 440
132 144
144 339
212 294
318 86
311 144
320 134
126 110
141 50
144 463
89 144
372 22
29 62
351 72
311 13
284 252
108 144
315 282
144 197
294 336
365 274
140 401
364 129
27 468
468 467
19 117
330 377
286 144
210 481
350 69
3 192
205 392
60 353
144 356
317 60
144 70
393 154
184 137
268 160
165 264
159 144
311 82
141 367
4 141
373 375
144 487
144 149
432 125
370 176
78 408
40 215
15 465
228 50
228 141
101 205
144 276
189 144
78 472
377 17
379 239
217 345
175 237
287 176
144 280
196 304
144 455
262 84
213 117
144 441
1 202
144 440
67 254
324 47
205 110
434 144
327 161
