500 1200 5 432 319
980.7849 089.3665
0.0640 1.8258 158.6497
0.3015 0.9985 152.7720
0.7078 1.9631 866.1746
0.3081 0.8955 305.1605
0.9791 1.2345 98.9063
0.9775 1.2626 617.3592
0.2109 1.9752 854.8272
0.1550 1.0062 314.2251
0.4282 1.4769 74.5405
0.7452 0.8445 358.4418
0.4048 0.1435 776.5555
0.8884 0.9558 72.7126
0.7110 0.9609 41.4139
0.6407 1.9932 863.4251
0.0972 0.0111 499.2785
0.2011 0.0600 696.4030
0.5870 0.8757 284.8694
0.2019 1.8577 196.6659
0.7368 0.2550 705.5067
0.2184 0.8046 323.6819
0.3247 1.4084 499.8682
0.2119 0.2098 663.1763
0.2751 0.3286 8.3159
0.4734 0.0955 257.5345
0.6096 0.8507 877.2558
0.3473 1.9600 479.7764
0.4288 1.9244 578.1337
0.3950 0.0892 194.7171
0.1641 1.7981 615.9162
0.0713 0.6903 631.4223
0.1688 1.7271 182.3583
0.2756 1.7196 338.8225
0.7923 1.6330 827.4248
0.0719 1.0784 683.8131
0.7887 0.5240 286.6373
0.3345 0.3904 17.9990
0.0580 0.1862 890.5794
0.9453 1.2078 73.4032
0.2314 0.7240 156.3067
0.6786 1.1066 566.8987
0.0195 0.1030 140.9310
0.3971 0.0946 355.1958
0.2719 0.4560 696.9179
0.6560 1.3949 374.3729
0.6447 0.1220 143.8720
0.3874 1.2239 652.3287
0.5714 0.7912 680.6834
0.1137 1.1415 400.3558
0.5302 1.3265 796.0634
0.3617 0.2152 421.5061
0.1637 0.7382 437.6968
0.3045 0.1578 365.4378
0.3803 1.2331 356.8747
0.3739 0.2628 772.4290
0.6624 1.2623 611.0113
0.6664 0.4194 380.8828
0.5337 0.4368 130.6735
0.4814 1.2253 656.5622
0.5313 1.0982 233.2382
0.6746 0.9529 405.3060
0.7163 1.4368 74.3473
0.3368 1.1940 113.6882
0.0156 1.9515 882.6455
0.1442 0.7246 833.5198
0.7663 0.9950 976.4825
0.1499 1.3304 750.5891
0.6017 1.2440 344.7170
0.6245 0.5581 749.1309
0.7657 1.3187 420.2096
0.7448 0.6022 379.3209
0.2631 0.7990 540.3908
0.1598 1.9519 885.9137
0.3647 0.4814 32.8836
0.3213 1.8512 326.4069
0.5340 0.7273 381.5334
0.9182 0.8423 24.5501
0.7924 0.5162 610.7234
0.3575 1.6301 444.0530
0.3067 1.3998 119.0857
0.2030 1.6310 334.6128
0.5629 1.0837 838.3382
0.0868 0.0722 631.0136
0.3133 1.1750 614.9311
0.2711 1.6407 304.0699
0.9047 0.0991 71.5897
0.2117 1.6397 240.5141
0.0732 1.2288 630.6155
0.9636 0.0533 375.9550
0.9241 1.6627 56.0503
0.2245 0.4621 634.6175
0.1142 1.0749 288.8581
0.4638 0.4177 738.1060
0.2795 0.6830 101.9502
0.1283 1.0333 662.5804
0.2676 1.2948 748.3135
0.8167 0.0055 319.9481
0.3230 1.5798 148.4693
0.6254 0.6562 183.4960
0.7296 1.6260 772.0090
0.1182 0.8645 98.5619
0.8826 1.1590 695.8999
0.2548 0.5570 750.7932
0.5997 0.7252 1.4657
0.4403 0.6731 213.0585
0.6236 0.7604 46.5220
0.7108 1.4042 713.2285
0.9367 0.8995 399.7399
0.4130 1.8561 32.5589
0.4950 1.3902 635.0384
0.0516 1.7762 940.9545
0.3183 0.7492 465.3313
0.7623 0.5909 839.2981
0.2589 1.7484 636.6734
0.9543 1.4039 623.4989
0.5016 0.4989 821.1242
0.7864 0.9792 167.6363
0.3333 1.1943 322.0409
0.0711 0.1264 427.7225
0.0519 1.1839 323.4298
0.1777 1.4562 4.4625
0.3171 1.2288 715.1947
0.2769 1.1130 677.7809
0.8421 1.0770 476.6394
0.2765 1.8826 629.1297
0.7500 1.4406 400.9398
0.5135 0.4457 40.4867
0.4815 1.3557 772.9546
0.1015 1.5213 882.9050
0.9116 1.7342 760.8027
0.5151 0.1156 628.3034
0.2950 0.8424 101.8540
0.5243 1.3083 418.2338
0.0364 0.1323 155.4592
0.8105 0.1822 318.8008
0.5012 0.0155 201.1933
0.5563 0.6731 908.4759
0.5958 0.8599 469.7677
0.4320 0.5095 419.3637
0.7713 0.5515 272.2142
0.4248 1.6688 28.1169
0.4555 1.4902 169.8670
0.6710 1.7570 598.0447
0.6328 1.8294 23.2684
0.4346 0.9430 572.5092
0.9961 0.8256 74.4614
0.0385 1.5106 500.7279
0.5403 1.6444 90.8539
0.3780 0.3142 762.4934
0.2065 1.6269 393.0604
0.9430 1.8042 947.0800
0.0644 1.9598 282.7407
0.7261 0.1994 786.4933
0.8484 1.9504 861.9626
0.3012 1.0647 218.4971
0.1845 0.9832 200.2183
0.5235 0.2023 313.3161
0.3518 1.7819 544.7488
0.9033 0.5726 558.8264
0.2662 1.2109 758.4116
0.9133 1.2819 772.5552
0.6737 1.2808 172.1441
0.1047 1.6564 973.4197
0.9051 0.1305 702.0294
0.8341 1.6229 1.1315
0.5131 1.0277 853.7599
0.3275 1.5668 163.4592
0.7177 0.9382 9.1276
0.7879 1.9770 15.7535
0.3290 1.6979 891.5478
0.0348 0.3627 738.6666
0.0060 0.3827 829.7805
0.9129 0.2356 361.4353
0.9131 1.6926 613.8756
0.7915 0.1709 426.1352
0.4663 0.9566 801.8557
0.7130 0.5238 253.0878
0.2071 1.8086 573.9437
0.3331 1.8987 596.6000
0.0845 0.4953 907.0812
0.6663 0.8219 714.9261
0.3035 0.1876 983.0420
0.8929 1.5607 351.6658
0.6505 0.8732 934.9179
0.4376 1.1661 531.2595
0.4878 0.6409 899.4831
0.9530 1.1585 933.5082
0.0866 1.7675 145.0289
0.4278 1.4252 232.3053
0.4083 0.8783 250.0832
0.1357 0.0191 206.6940
0.8838 0.8014 480.3458
0.2433 0.2640 595.7377
0.5600 0.1289 94.1380
0.9508 1.3154 561.6956
0.4485 0.4096 42.4490
0.8504 1.3271 891.4003
0.9783 0.8332 988.9269
0.4628 1.3100 429.0360
0.9681 0.4569 727.8851
0.1589 1.7607 713.5994
0.0200 1.6226 787.4481
0.4976 0.2001 847.1138
0.1980 1.8739 485.2574
0.5700 1.9106 392.2160
0.5638 1.0541 727.4797
0.0221 1.6928 375.0776
0.1822 0.0517 808.8224
0.6335 0.7974 773.8220
0.6953 0.0788 138.8369
0.2881 0.3337 468.5858
0.1191 1.4122 245.9185
0.6456 0.8141 582.0831
0.1145 1.5930 829.8713
0.2671 1.1979 952.4639
0.2530 0.0281 49.9749
0.6546 0.1542 585.5452
0.4162 0.2526 837.1302
0.3456 0.6871 432.2068
0.3613 1.5252 858.8677
0.4826 1.2960 826.1539
0.3973 0.0759 354.5091
0.5371 0.9719 185.4760
0.5531 0.9450 90.7978
0.5971 0.3413 689.0843
0.5923 1.9727 968.9436
0.3458 1.3756 407.4069
0.1510 0.3025 82.0628
0.3145 1.3137 551.5529
0.6032 1.7019 913.5230
0.1500 0.6411 6.3847
0.5394 1.7666 975.2421
0.9020 1.5168 607.4860
0.9702 1.7961 454.7571
0.7844 1.4764 213.6359
0.9968 1.6231 936.5533
0.9102 0.6139 804.7559
0.8124 0.8812 572.0382
0.9980 1.6105 403.5626
0.9728 1.3742 172.5114
0.1272 0.2776 848.3335
0.5771 1.9004 268.4666
0.2588 0.2103 259.2802
0.7072 0.0960 517.8651
0.7317 1.2006 192.1785
0.6103 1.3142 991.2305
0.3027 0.1971 820.3173
0.8367 1.4989 663.0430
0.5363 1.8821 611.5185
0.6795 1.4357 65.8609
0.5855 1.3986 367.9904
0.9767 0.9769 362.7339
0.8522 0.2406 90.0941
0.9182 0.2408 204.0349
0.9163 0.1852 173.0541
0.0909 0.7985 170.3236
0.0392 0.0465 690.8776
0.3652 0.5210 900.4461
0.3392 1.6589 590.1612
0.1063 1.8395 818.1383
0.0058 1.8089 873.9194
0.2761 1.8372 894.9099
0.0189 0.4550 501.9634
0.9192 1.9334 947.9211
0.0602 0.5276 125.8217
0.4889 1.9993 178.9414
0.3931 0.8597 968.5609
0.8174 1.7029 759.7605
0.8893 0.1182 439.0348
0.7210 1.8581 613.8253
0.3073 1.2760 830.5721
0.0341 1.8829 901.8226
0.5479 0.8975 710.2099
0.6313 1.8390 182.5950
0.9508 0.0948 713.9428
0.1846 0.4853 212.7872
0.3499 1.6023 546.4067
0.2537 1.8920 780.7906
0.6949 1.1778 43.0583
0.6232 0.7758 506.4156
0.3325 0.1373 163.4611
0.7114 0.2061 468.2438
0.8216 0.9479 627.5716
0.5081 0.4710 888.0186
0.3887 1.9182 923.0276
0.0615 0.5508 288.9108
0.4391 0.0813 503.5217
0.8166 0.3492 61.7386
0.1983 1.6359 684.3848
0.9274 0.8436 68.1166
0.7653 1.1599 44.7166
0.2609 1.2565 60.1804
0.7741 1.5106 392.2476
0.2324 0.8154 161.7513
0.9156 0.0780 538.7304
0.1415 0.1087 258.7899
0.4220 0.2153 522.0956
0.1208 0.6082 961.0844
0.8257 0.3961 81.9178
0.8657 1.3091 851.2320
0.6014 0.9805 351.1547
0.0313 0.6754 81.4586
0.7192 1.9208 957.1181
0.7565 0.5855 93.8707
0.4062 0.2253 717.0246
0.3585 1.4233 51.4620
0.3747 1.6581 257.4773
0.2399 1.3498 17.2458
0.9338 0.5545 322.4961
0.7044 0.5853 402.4474
0.8236 1.9874 199.6422
0.3898 0.1112 703.0321
0.4363 1.9009 130.1266
0.1404 0.1742 226.9914
0.4630 0.9026 55.4893
0.6350 0.6772 459.6313
0.6543 1.2270 202.4865
0.9031 1.8298 807.6141
0.0095 0.8957 828.8162
0.4397 1.6804 727.7223
0.2110 0.9227 822.3899
0.7158 1.6576 193.2306
0.9515 1.1684 687.9393
0.5864 1.5063 573.5910
0.2767 1.1317 781.4785
0.8151 0.2187 190.0381
0.8548 1.1296 541.0991
0.8945 0.6696 510.8789
0.8417 0.3943 453.7483
0.3765 0.2203 239.9996
0.1421 1.3765 903.9350
0.1626 1.2661 351.3926
0.2696 1.7675 432.3400
0.4016 1.2413 647.2169
0.9403 1.3829 587.0323
0.9203 1.0177 989.7413
0.6876 1.5166 967.1324
0.7642 1.9693 875.6153
0.5942 0.7983 164.8342
0.9197 1.6813 746.4250
0.3147 1.4615 996.9809
0.5324 1.3477 912.3019
0.8845 0.9305 575.4811
0.0548 1.8180 624.5058
0.2606 0.6368 928.4219
0.4572 0.5496 456.7415
0.1521 0.6977 687.2952
0.2470 1.1592 764.9807
0.7128 1.0194 411.2727
0.8295 0.5916 6.5548
0.3771 0.8865 121.9857
0.1275 0.9547 270.5537
0.2498 1.4038 246.2031
0.8578 0.4105 872.3857
0.3973 1.5223 939.9609
0.1496 0.1009 251.3343
0.7829 1.5773 680.5131
0.8875 0.1856 926.7634
0.9776 0.9184 267.5317
0.6492 1.2514 44.2682
0.0261 0.7803 204.2892
0.1978 1.3390 9.8362
0.5422 1.4008 150.8616
0.5091 0.2478 200.0894
0.7616 0.9908 445.7463
0.9768 0.3408 344.2013
0.8136 0.1156 633.0536
0.9722 1.8753 734.7299
0.0355 1.4030 934.7218
0.3502 1.4813 931.7065
0.1321 0.5026 928.0001
0.2591 1.4451 440.1203
0.3727 1.3796 21.8643
0.8228 1.1218 291.5609
0.0198 1.2240 321.5565
0.7897 0.1867 706.0446
0.7947 0.9103 603.2532
0.4196 1.2794 297.0171
0.7047 0.9676 521.1473
0.6142 0.0224 976.3527
0.7213 0.2745 980.5837
0.0809 1.1604 706.0354
0.9667 1.4075 806.8309
0.3952 1.8435 266.4084
0.4345 0.8986 882.5915
0.1074 1.3809 58.0603
0.9813 1.1875 130.7172
0.9852 0.5806 825.3844
0.2178 0.1748 594.2735
0.2564 1.6890 202.7876
0.0796 0.4233 601.0648
0.7402 1.2644 247.9373
0.1726 0.1306 755.6578
0.5915 1.6269 554.9665
0.5145 0.5647 215.9050
0.6518 0.0788 157.6569
0.8782 0.9117 983.2286
0.3961 1.8300 296.4898
0.7117 0.2741 353.8716
0.7061 0.5980 556.2467
0.0258 1.5671 410.1056
0.2960 0.7408 425.2605
0.8709 0.1898 419.2069
0.8056 1.2264 12.8215
0.0206 1.6373 62.0764
0.9674 1.4660 529.7371
0.0599 0.2846 811.7767
0.7920 0.3546 330.5366
0.4135 0.6494 632.0538
0.3180 0.6330 801.2355
0.8656 1.3135 846.0299
0.1399 1.2909 215.9554
0.4805 0.0168 1.7550
0.8007 1.9609 275.3962
0.1486 1.1010 174.2678
0.7221 1.4016 759.3087
0.5065 1.6251 943.1562
0.6488 1.5990 968.9174
0.5677 1.5587 469.8243
0.8589 0.9760 963.8888
0.1039 0.4838 895.4159
0.9359 0.6379 768.3745
0.1418 1.8617 433.3565
0.1828 1.0382 389.9936
0.1605 0.0928 603.9252
0.0635 0.8053 423.1800
0.8131 1.0839 557.7776
0.7460 1.8919 677.8180
0.4512 1.0587 454.6490
0.6414 1.3960 738.1482
0.0843 1.5479 428.3436
0.0074 0.6295 182.3203
0.3785 0.5106 33.9575
0.3764 0.7822 396.1605
0.1833 1.1365 115.0171
0.5775 0.4802 210.7910
0.0002 0.7112 477.6086
0.0869 0.5305 711.5830
0.1583 0.4836 388.9393
0.1702 1.3755 222.9762
0.7336 0.3495 914.2230
0.3443 0.4383 237.0173
0.5335 1.7716 315.8119
0.5347 0.3010 683.4184
0.3719 0.6244 169.6499
0.8968 1.8592 615.2899
0.6648 0.0585 500.5464
0.0427 0.3264 44.9767
0.1942 0.4712 976.2230
0.3168 1.9839 626.1432
0.2423 1.6384 146.5550
0.5531 0.0836 214.9073
0.9165 0.1864 185.7008
0.8320 1.1785 351.4518
0.9427 0.8440 8.8140
0.6075 0.1094 460.1968
0.1292 0.8875 30.2216
0.6053 1.1506 569.3753
0.5689 0.9457 200.9999
0.6695 0.7618 895.9000
0.0743 1.7055 797.0894
0.1854 1.8604 494.4902
0.6775 1.6134 344.3478
0.8400 0.0092 775.7596
0.9053 1.8922 149.8100
0.3587 0.6333 413.3717
0.9868 0.2638 548.0877
0.1160 0.1678 18.9154
0.3150 0.1003 741.3001
0.6072 0.5572 695.1157
0.3451 1.4700 989.3233
0.0338 1.2522 943.0145
0.4098 0.5293 952.2843
0.4491 0.2135 307.0752
0.3753 0.9800 966.0431
0.1198 1.7166 828.6085
0.4725 0.0952 834.0352
0.5603 1.6269 786.3529
0.4138 0.1333 782.1109
0.5579 1.7991 988.9579
0.8153 1.4697 490.3802
0.3196 0.4756 542.5452
0.9777 1.5127 167.5701
0.6628 0.4351 60.6350
0.5049 1.1033 503.4535
0.6304 0.1178 582.5496
0.6085 0.8053 132.7980
0.3231 1.4149 5.5476
0.9514 1.4584 746.0696
0.6744 1.2767 379.8421
0.1935 0.7072 980.2013
0.6554 0.9455 134.6558
0.6665 1.8966 632.9929
0.8626 1.6148 850.9793
0.2490 0.4500 790.0486
0.4046 1.3749 639.5123
0.6728 1.2620 736.8580
0.3985 1.4594 190.4215
0.6120 1.6350 942.8849
0.5203 1.6216 690.3160
0.2754 1.6175 525.9615
471 360
238 382
19 174
384 433
301 264
38 429
68 283
365 287
223 432
95 429
238 328
357 294
370 381
302 455
48 91
483 158
429 330
31 429
468 284
500 354
387 6
3 446
429 298
202 217
29 422
36 388
472 75
429 99
429 358
471 264
283 92
429 347
151 240
112 326
469 426
204 24
181 449
7 306
154 20
468 323
406 487
468 108
90 494
156 485
279 161
429 54
25 161
34 30
441 350
172 253
320 324
429 198
68 282
64 346
316 55
171 260
441 481
159 351
224 268
191 112
144 384
389 429
273 429
487 206
375 19
95 438
407 287
430 37
429 162
190 288
9 288
61 366
429 239
381 331
79 171
429 369
37 406
195 432
478 54
81 408
393 429
267 429
201 447
94 291
287 415
427 395
429 120
374 431
187 162
8 214
111 428
456 230
429 285
417 429
266 484
438 30
118 240
481 71
291 270
202 156
8 456
435 309
190 355
61 429
17 137
398 380
440 298
217 296
35 429
177 429
466 287
229 479
136 472
224 402
92 107
296 143
310 443
429 401
107 77
146 201
383 429
495 119
429 326
60 183
225 142
100 414
265 148
288 149
399 123
264 447
359 432
10 469
429 135
462 225
362 250
398 325
403 399
73 433
429 159
429 442
443 195
271 37
290 116
464 234
139 429
325 380
438 90
445 19
24 148
264 179
371 256
429 82
243 209
414 434
424 166
193 321
434 429
429 498
406 41
102 441
429 446
407 367
23 36
104 359
136 394
39 441
75 429
444 384
179 285
228 429
141 166
484 429
327 92
97 429
311 432
483 38
466 382
165 314
299 410
370 420
371 429
427 45
262 171
184 429
408 457
485 395
119 307
34 370
97 392
429 245
114 429
429 142
114 238
393 28
377 429
402 263
426 237
375 134
100 434
177 18
370 438
266 441
439 429
211 260
193 451
187 82
460 429
247 173
432 272
216 168
36 242
461 84
429 333
215 16
386 6
95 48
52 468
73 165
1 151
429 223
174 398
429 319
16 242
483 308
320 58
238 365
286 412
221 429
408 223
429 499
374 471
310 292
466 429
214 429
419 399
51 155
494 406
429 13
429 88
189 433
196 410
18 276
429 274
317 19
243 33
379 336
83 423
186 322
229 478
328 114
402 429
374 429
494 447
269 202
423 429
443 156
260 201
52 280
247 429
312 477
429 420
452 172
429 229
347 377
441 218
111 401
150 224
424 97
112 396
341 429
279 278
407 440
32 78
429 109
413 267
75 491
51 102
202 363
432 217
321 14
254 440
166 422
16 429
331 411
310 281
52 429
344 481
429 461
414 291
429 110
429 304
99 455
15 82
108 383
238 235
66 264
264 170
429 118
399 373
248 429
413 33
429 225
274 172
93 401
254 407
332 169
210 461
429 137
429 106
283 469
173 263
255 43
485 427
430 188
429 302
402 480
148 432
236 107
184 344
156 363
359 429
48 275
347 423
11 329
103 212
452 274
258 429
373 68
149 9
83 62
141 429
444 165
5 358
436 262
429 321
429 400
494 23
54 412
137 75
109 471
175 444
284 312
138 432
489 338
265 412
276 429
387 199
263 429
429 176
230 64
315 195
436 385
494 36
454 299
429 299
455 395
89 357
313 355
306 332
497 470
500 429
25 47
337 209
165 257
294 182
429 455
429 479
76 349
429 340
125 263
64 8
419 453
432 345
475 369
102 155
387 386
422 429
283 10
398 429
92 289
334 429
400 201
115 432
157 36
149 429
118 340
309 68
30 425
429 332
14 379
74 36
208 183
458 429
25 429
36 280
420 285
494 355
262 170
429 327
431 330
421 483
413 356
383 418
19 134
100 351
406 429
203 177
133 120
131 429
335 349
459 136
439 330
190 31
405 488
429 361
115 136
378 348
428 429
493 429
429 74
394 345
34 425
226 360
441 64
78 429
429 226
311 28
297 275
224 129
237 429
429 121
248 229
431 262
429 4
484 245
429 93
326 396
23 97
492 451
429 480
255 91
353 197
378 167
429 32
429 182
187 151
195 440
154 184
429 487
261 124
468 416
10 364
126 92
145 429
191 69
442 393
318 262
465 73
375 429
141 422
466 482
6 194
176 303
79 429
207 429
480 294
75 17
252 150
310 152
195 197
247 85
63 487
332 7
59 175
234 375
7 113
423 51
49 53
82 497
124 215
240 313
443 168
290 391
268 129
428 245
144 218
136 180
271 371
429 205
281 224
101 176
441 189
365 235
429 312
217 225
486 183
432 329
171 436
481 93
415 429
381 437
179 494
248 412
304 417
376 364
81 429
65 364
307 429
233 407
184 2
447 406
429 234
451 429
432 458
8 198
386 5
429 33
1 429
178 246
335 327
424 355
23 424
86 190
210 16
132 429
425 438
495 264
260 429
110 340
126 57
54 11
143 273
419 309
429 459
429 370
244 429
37 188
356 429
372 226
55 137
229 54
219 86
46 122
401 474
38 251
92 195
409 441
341 100
253 407
466 365
472 185
49 429
36 16
5 194
163 252
432 27
396 191
112 303
160 429
170 201
454 107
209 45
43 494
470 429
103 105
443 363
102 20
462 429
160 322
429 456
156 99
102 324
251 308
72 392
341 434
278 208
44 194
303 326
154 320
118 1
199 386
265 248
489 25
429 373
139 101
55 432
310 366
408 314
153 463
433 465
429 165
495 307
429 190
381 411
406 133
456 64
19 398
424 190
432 363
68 429
467 82
429 270
224 398
316 300
219 429
282 469
163 224
366 19
464 429
352 79
383 26
10 376
220 53
429 62
429 349
367 429
162 497
287 429
429 211
409 245
452 429
454 236
435 126
410 158
317 464
178 36
490 102
429 259
233 429
67 165
279 183
354 166
34 438
342 396
429 483
150 89
273 217
183 136
402 247
112 176
20 2
7 258
346 429
418 429
450 424
429 111
429 436
264 390
429 42
250 404
94 43
224 366
287 482
27 50
8 429
429 385
495 429
155 490
60 278
429 204
449 52
473 130
448 275
80 288
318 264
7 32
429 336
324 490
192 389
358 44
429 196
241 429
235 382
429 209
496 429
280 468
139 176
236 483
414 94
199 145
286 54
203 18
148 296
278 183
337 429
168 33
477 108
316 104
383 397
108 26
429 53
483 195
429 289
259 288
429 91
294 163
303 126
133 305
124 277
18 429
457 222
102 346
192 203
224 440
429 492
372 429
136 212
429 150
131 93
435 303
222 205
477 383
96 168
13 378
463 366
429 316
475 429
353 56
50 221
310 429
429 238
359 272
483 160
280 432
33 216
4 71
193 202
228 438
240 1
242 388
346 423
178 429
55 300
23 461
259 15
271 429
192 18
429 193
96 267
25 496
184 4
82 151
480 224
448 438
227 37
43 230
28 50
144 59
426 376
232 429
16 388
102 320
262 385
348 279
353 199
10 98
461 389
168 413
429 72
181 52
498 231
429 348
124 429
240 37
25 75
296 432
259 313
471 429
36 215
366 375
429 431
429 261
59 165
82 475
66 285
320 46
14 336
427 209
224 252
1 460
150 452
156 395
255 429
294 429
446 455
50 429
300 104
159 100
92 315
24 296
398 464
347 346
144 189
429 360
429 342
432 73
92 98
412 148
429 477
364 391
429 181
136 338
176 349
429 63
472 345
429 69
360 372
17 55
405 429
429 3
429 314
68 469
358 386
283 126
295 355
148 429
97 500
429 143
102 39
77 429
43 100
481 401
301 429
454 429
144 429
401 131
484 350
437 411
429 432
149 219
156 216
373 403
353 145
269 99
335 429
195 281
442 42
50 432
296 241
245 441
22 192
207 192
264 374
143 217
426 429
148 476
483 107
44 6
201 41
39 20
11 429
384 175
429 192
451 14
429 153
69 176
427 446
152 224
331 429
96 310
429 213
488 429
303 70
181 178
185 338
403 429
48 297
206 41
449 429
416 429
6 199
28 432
217 462
429 171
285 361
105 378
497 429
348 212
90 448
485 216
167 429
410 236
220 429
58 132
429 157
312 27
494 438
486 60
47 75
219 31
429 396
249 429
86 288
394 138
25 491
437 420
391 65
223 457
429 364
93 4
113 32
398 366
211 368
424 422
205 408
96 413
180 378
376 469
200 190
429 147
441 73
140 36
391 429
425 228
429 323
144 441
415 488
429 306
342 12
159 456
227 240
395 446
298 353
83 324
499 397
429 266
127 429
130 429
246 36
481 39
147 383
494 420
429 243
16 113
224 339
411 429
311 442
371 430
123 403
429 474
429 146
136 315
481 293
173 429
429 64
500 166
37 256
71 184
399 68
429 27
189 218
407 298
429 378
290 376
107 429
429 231
79 211
234 493
424 500
429 21
14 429
494 441
339 402
62 53
162 1
216 443
259 9
494 37
429 328
486 278
94 100
458 272
274 253
440 56
70 309
189 384
197 386
271 133
278 338
359 316
355 23
33 356
429 58
23 392
497 187
127 48
18 16
429 476
488 466
328 407
450 166
215 7
121 198
48 438
429 140
494 390
432 75
84 429
15 429
136 167
221 28
315 429
54 479
282 429
350 266
227 313
315 10
371 128
298 239
21 260
283 435
88 253
429 9
327 57
429 362
83 122
432 54
156 455
361 307
254 172
7 78
360 301
149 80
429 133
313 15
408 257
439 374
443 432
357 252
277 429
429 188
475 15
486 136
429 186
377 423
307 285
429 161
132 333
399 309
169 306
57 349
468 429
333 46
116 364
429 366
429 292
86 80
264 429
200 31
472 432
300 432
429 427
312 432
429 354
81 205
210 389
409 481
429 463
429 305
404 146
429 265
429 419
144 67
101 429
29 424
125 325
47 429
140 124
146 400
267 310
286 229
429 251
69 12
423 324
192 210
431 439
153 310
61 375
62 333
453 429
250 146
36 210
43 351
40 429
117 83
317 234
343 37
55 429
483 197
429 113
228 95
423 155
190 295
91 297
269 429
426 391
357 429
58 333
297 43
441 230
213 1
397 429
429 410
19 234
49 423
258 332
79 368
20 293
429 44
173 402
352 429
329 498
429 414
193 269
287 488
441 433
429 430
343 240
290 426
407 429
40 496
362 63
481 4
70 435
279 429
348 103
498 11
161 489
85 173
429 217
367 233
429 67
494 313
260 170
429 199
429 457
190 313
214 456
466 235
3 302
338 491
115 195
51 346
368 260
35 92
401 409
429 379
150 254
397 26
139 349
177 207
489 278
342 69
496 47
34 228
76 327
429 392
87 429
338 486
24 429
250 429
429 272
6 429
322 429
429 473
429 291
345 136
468 499
48 429
125 429
423 117
122 320
164 429
199 197
382 429
429 421
429 200
438 275
407 365
90 275
419 326
23 210
264 262
254 224
370 331
325 429
318 431
429 201
429 169
367 106
279 136
483 410
298 334
59 444
498 42
236 158
319 36
34 429
429 89
466 405
