500 1200 5 381 237
496.3724 92.0386
0.1895 1.4738 41.0738
0.2265 1.8056 692.6010
0.7525 0.0789 709.5987
0.4194 1.3412 857.4220
0.7231 1.2175 734.1009
0.9680 0.1256 16.5407
0.5494 0.1779 190.2343
0.0486 0.4659 30.6540
0.2980 1.8978 805.4358
0.8190 1.9421 984.0069
0.5240 0.0897 438.2178
0.3381 0.6071 557.5408
0.9040 0.8010 140.4760
0.2930 0.8256 780.6496
0.9763 1.7917 796.9941
0.8536 0.4609 111.6229
0.0306 0.7071 123.2390
0.4399 0.7417 696.2063
0.6968 0.1382 561.1288
0.6250 0.5557 118.9633
0.3292 1.6682 491.4672
0.0053 1.4014 277.4302
0.8430 0.9059 959.3305
0.9295 0.3311 460.4533
0.8822 1.9581 439.1266
0.6652 1.4035 691.4847
0.4495 1.5315 995.9048
0.9289 1.0453 384.9611
0.0250 0.2054 997.9704
0.6930 0.3644 939.9807
0.0254 0.6631 971.5333
0.7709 1.6029 334.4464
0.0241 0.0795 625.6481
0.1395 1.8433 571.3483
0.1057 0.7340 188.7032
0.2064 0.9634 229.2707
0.6012 0.1133 730.5074
0.7535 0.9735 592.7942
0.0369 1.4453 307.2266
0.3140 1.0597 195.5671
0.3563 0.4975 84.6688
0.7553 1.2951 973.5911
0.7900 1.0560 768.7586
0.5790 1.2823 682.4925
0.7120 1.7134 786.2540
0.6705 1.8204 586.0885
0.6035 0.5891 694.5761
0.1740 0.7568 613.9953
0.1215 0.8587 252.9542
0.8511 1.8531 424.2697
0.5821 1.7618 104.5959
0.1799 1.2248 726.5847
0.3870 1.9309 521.2650
0.4711 1.4662 42.5100
0.5378 1.3461 577.6796
0.9866 1.0105 728.9000
0.5354 1.4246 188.9162
0.9385 0.6311 238.3074
0.4032 0.5815 283.5060
0.3439 1.5261 977.8086
0.2896 0.1295 922.4334
0.7532 0.9255 849.8255
0.4129 1.3652 869.7260
0.2544 0.2147 899.5485
0.8551 1.9023 731.0242
0.4766 0.3386 28.7045
0.5935 0.4936 720.6623
0.7819 0.5401 363.3402
0.2641 0.8654 301.0862
0.8941 1.2754 872.6197
0.1916 1.1687 453.0741
0.8515 0.2748 231.7685
0.3623 1.5891 660.2972
0.7350 1.7260 343.4745
0.5668 0.4259 634.7251
0.6756 0.6506 81.5727
0.1609 1.0195 142.1256
0.3015 0.4706 265.0004
0.4487 0.0594 743.4108
0.1405 0.1671 846.9205
0.0882 0.2381 66.4042
0.0248 1.1703 43.8255
0.6742 0.6362 166.4182
0.9732 0.5236 408.5874
0.3748 1.3396 162.4413
0.7030 0.0884 483.3034
0.3015 1.8020 23.9361
0.6624 0.3568 609.7824
0.0831 0.0561 816.5285
0.2098 0.8756 43.3567
0.9647 0.0591 938.5727
0.8029 1.5028 789.4977
0.9330 0.5414 6.2505
0.5276 0.3736 341.9154
0.7475 1.9749 361.0575
0.0080 1.0413 933.8067
0.9334 0.9249 97.3001
0.0601 0.4198 210.7595
0.6803 0.6228 307.4185
0.1496 0.7155 757.5076
0.3039 0.8248 507.6133
0.1250 1.1610 892.7786
0.0898 0.5430 529.3019
0.1408 0.3700 879.7548
0.4518 0.4917 73.0498
0.9804 1.7110 847.9232
0.0610 1.9808 180.8482
0.5270 1.8512 454.2585
0.5710 0.8259 43.7530
0.2040 1.3306 712.3203
0.7738 1.3888 233.1848
0.6949 1.3155 857.6416
0.0150 1.1103 768.5725
0.5543 1.7950 720.2787
0.3340 1.3486 687.2898
0.6505 1.7932 134.1143
0.2733 1.5662 17.1302
0.7805 0.3460 573.0036
0.4330 0.5149 142.6079
0.9197 0.9195 522.0561
0.1561 0.2826 9.2841
0.1250 0.2003 110.9115
0.2468 0.0669 434.7611
0.4862 1.5042 897.7954
0.3432 0.7577 114.0585
0.9120 0.3366 744.0286
0.9135 1.8283 589.7662
0.5916 0.9634 715.8740
0.0085 1.4459 462.2544
0.7975 1.4158 751.7490
0.5802 0.5421 127.1945
0.6917 1.2985 856.4149
0.4173 1.2076 15.2329
0.8441 1.2653 66.1119
0.8584 1.2385 685.7258
0.8607 0.6306 249.7690
0.2077 1.8908 76.8098
0.8201 0.8796 697.2380
0.0029 0.0681 976.7257
0.4803 0.1680 732.4858
0.9833 1.3229 63.0316
0.6003 0.4337 297.2573
0.7062 0.3142 405.4011
0.2077 0.1000 544.8470
0.5799 1.9124 331.8624
0.9956 0.7828 493.1672
0.2268 0.0372 330.6000
0.4213 0.6345 642.2878
0.2424 1.2245 559.6164
0.1644 0.4033 673.1448
0.5051 0.0903 391.3870
0.6951 0.2305 267.2120
0.2391 1.8644 772.6223
0.3852 1.8592 76.5164
0.0319 0.8785 798.1307
0.7087 1.0455 323.2207
0.8964 1.8359 698.9717
0.3874 0.8291 786.1702
0.8211 0.5309 815.9990
0.7455 1.7719 947.6623
0.4500 1.8411 894.6550
0.2086 0.8690 392.7520
0.7589 1.6749 631.6037
0.8432 1.1327 930.7059
0.4474 1.5466 21.4357
0.1058 1.2467 121.7219
0.7872 1.8893 925.4341
0.0967 0.7342 568.8406
0.4957 1.5033 967.5323
0.7759 1.9061 974.8694
0.7241 1.4748 618.9456
0.8710 1.4563 505.1235
0.4539 0.4635 776.4781
0.4405 0.0837 43.4836
0.6498 0.8031 570.7825
0.3308 1.5811 514.4690
0.9395 1.0821 228.5163
0.1777 1.3368 282.1877
0.8096 1.9294 469.4403
0.3371 0.9021 206.3693
0.5847 1.4704 916.9891
0.9802 0.4977 310.6892
0.2881 1.9341 231.2917
0.6744 0.0441 643.3941
0.1673 1.7959 144.6161
0.3617 1.0374 576.6126
0.2272 0.8664 397.7511
0.6295 0.9758 160.6909
0.6756 0.8835 49.5028
0.5856 1.6028 638.2423
0.6510 1.2073 176.9539
0.4889 1.2991 797.4197
0.7437 1.4840 488.6269
0.2876 0.5427 741.9449
0.1520 1.2069 687.4360
0.7557 0.6502 615.0075
0.5185 1.5311 138.0337
0.8130 1.0300 938.7758
0.4194 0.4192 903.3317
0.7718 0.2528 201.6230
0.8828 0.9097 815.1833
0.7312 1.6419 161.0024
0.0574 0.4985 1.8719
0.5988 1.8182 137.2325
0.8050 1.2205 598.5818
0.5910 1.6915 293.7533
0.9435 1.7499 448.7551
0.9968 1.7464 578.1145
0.0380 0.2668 151.4189
0.2626 0.9943 576.7832
0.7817 1.9546 24.7821
0.1156 1.7045 166.8367
0.7724 1.4385 278.6398
0.6699 1.2372 391.8109
0.4194 1.7560 789.4738
0.6918 0.4321 889.7996
0.3192 0.9329 907.3614
0.0046 1.9063 997.5083
0.5482 1.4628 348.6738
0.8420 1.4318 720.9148
0.0189 0.9556 925.2651
0.1333 1.9820 799.4358
0.6355 1.6443 201.6706
0.9905 0.7662 468.1402
0.8619 1.9789 800.9410
0.2228 0.4717 147.2711
0.5150 1.8905 321.6615
0.1046 1.1947 946.8594
0.3660 0.8439 48.9414
0.7447 0.5941 83.3422
0.3767 0.9289 421.8531
0.2775 1.7381 935.0521
0.3329 1.7361 298.1006
0.9790 0.4108 437.1017
0.3492 1.0533 227.6452
0.6116 1.6381 795.6018
0.4445 1.0038 722.2738
0.3156 1.7418 49.3314
0.3770 1.8794 887.7076
0.4122 0.2196 612.5846
0.4580 0.1798 925.0436
0.7176 0.0531 21.2270
0.4308 1.7130 124.8510
0.7458 1.5792 125.7119
0.9999 0.1221 533.6637
0.7352 0.1367 620.8890
0.5648 0.7333 613.8627
0.3795 1.1525 67.5547
0.4937 0.9095 74.4853
0.9670 0.5627 152.5197
0.8983 0.7891 962.4989
0.3539 0.6520 654.6299
0.9934 1.1849 239.7327
0.8215 1.4813 889.6080
0.4826 0.6847 348.4067
0.7110 0.3132 443.4202
0.4148 0.6477 971.0103
0.1494 0.7166 380.8869
0.9318 0.6405 778.1657
0.1463 0.3277 335.4565
0.4898 0.0574 687.3177
0.4366 1.8161 966.4761
0.1319 1.0449 727.3412
0.9839 1.4397 805.9636
0.8220 0.9680 822.1250
0.9780 0.9528 936.0632
0.0229 1.4694 282.9648
0.5253 1.3700 857.3129
0.7837 0.1284 30.0840
0.7884 0.9502 435.9940
0.4121 0.5997 849.1062
0.3484 1.9917 434.4436
0.7822 1.9014 455.2534
0.0254 0.3326 120.7442
0.7558 1.7743 27.5738
0.2836 1.3933 731.1557
0.0584 0.4872 729.8178
0.1462 1.8557 891.1464
0.7620 1.3781 861.2859
0.0276 1.2790 967.3870
0.2564 0.0601 384.6815
0.1485 0.3364 955.0654
0.0870 1.2111 631.0500
0.8872 0.2552 396.9266
0.5558 0.5253 136.1756
0.3897 0.8241 861.3502
0.7131 1.9851 464.3806
0.9240 0.1325 5.9443
0.4545 1.2141 837.0251
0.9299 1.0495 166.9273
0.5726 1.1459 535.9148
0.8621 0.7247 988.5035
0.8854 0.8851 178.1279
0.6389 0.5135 848.9259
0.9064 1.9564 468.9451
0.9989 0.1065 859.3320
0.9551 0.1681 765.3184
0.6833 1.4570 470.5575
0.8794 1.2180 615.9676
0.3976 0.8394 23.8943
0.9804 1.7597 507.4655
0.9277 0.1194 903.5406
0.2013 1.1096 300.5013
0.5653 1.2875 699.5883
0.9087 0.2235 419.2188
0.6566 1.4794 885.9122
0.2555 0.9714 226.3481
0.3211 1.3133 729.0882
0.2169 0.7080 739.5811
0.8994 1.8168 678.3686
0.7734 0.4197 689.6918
0.5844 1.0307 388.7154
0.3091 1.9449 847.4518
0.7364 1.6653 72.1131
0.8905 0.2436 443.2719
0.8074 1.2351 75.2716
0.8246 0.4945 454.0734
0.9367 1.4026 548.4512
0.1130 1.1120 52.5100
0.1691 0.4199 649.5251
0.9032 1.2017 356.0427
0.9308 0.7875 791.1481
0.8779 0.6042 455.9192
0.4709 1.4477 367.9837
0.9996 1.5111 264.5914
0.5062 1.4727 55.8568
0.0612 1.4924 253.0014
0.9332 0.2379 237.7608
0.8201 1.5215 876.9959
0.0421 1.7353 940.4633
0.9373 1.3433 832.2475
0.8908 1.6661 346.4302
0.6543 0.8094 447.7896
0.9852 1.5738 837.3137
0.5810 1.8802 797.0344
0.4308 0.0795 392.8590
0.1162 0.7530 66.0562
0.8908 1.3702 50.5340
0.3308 0.9787 807.2510
0.4974 0.2624 369.4325
0.2321 1.3009 349.8244
0.1422 1.5240 136.6103
0.8271 1.1974 839.9956
0.3142 1.3796 884.0780
0.4865 1.3559 150.0661
0.7326 0.4952 439.8295
0.7057 1.2186 148.7707
0.9308 0.6246 488.5231
0.6634 0.8126 268.0689
0.4444 1.9113 438.4220
0.1702 0.8151 736.1568
0.2033 1.7316 827.6856
0.5941 0.4631 300.1528
0.3443 1.0657 31.6571
0.5771 0.7047 921.6355
0.5291 1.0724 938.0956
0.1155 0.7584 718.5013
0.2331 1.9454 191.6514
0.8480 1.0855 52.9874
0.8305 1.0115 953.0826
0.0947 1.0694 809.5685
0.8599 1.4453 86.4100
0.1409 0.8037 31.1815
0.5942 0.6048 568.0911
0.6352 1.3431 772.7122
0.7976 1.2656 57.0412
0.5714 1.4460 258.4776
0.9992 0.1785 701.9746
0.2509 1.7875 673.5955
0.5288 0.5062 409.8185
0.8258 1.9893 946.1390
0.3376 1.3075 525.8506
0.5141 1.9786 622.7433
0.1140 0.1927 672.4789
0.0606 1.2152 29.0096
0.1851 1.8955 171.8242
0.8003 1.0913 427.9246
0.3797 1.3464 318.5367
0.0185 0.8364 843.6639
0.1726 0.6005 713.4300
0.6808 0.5748 241.2702
0.0340 1.7149 705.5104
0.9856 0.4625 954.2600
0.2177 1.1409 943.4188
0.3009 0.9936 353.1922
0.4010 1.6413 815.0053
0.3660 1.7274 190.8795
0.7986 1.5580 586.4610
0.5387 1.4388 851.8571
0.3716 1.8909 330.6816
0.9952 0.5306 344.7602
0.7135 0.6974 902.0305
0.3527 0.9855 579.9925
0.1812 0.6946 224.4349
0.9275 1.6968 881.4469
0.7518 0.6124 147.5040
0.3067 0.6568 445.0166
0.3643 1.7063 191.3392
0.9924 0.8463 950.1707
0.1863 0.3976 302.3591
0.8029 0.2503 626.1754
0.8156 1.1284 450.8367
0.3531 1.0668 66.2970
0.2656 0.3615 324.8945
0.7395 0.3143 311.6832
0.9333 1.7014 324.8327
0.4653 0.3289 827.6980
0.8611 1.8269 74.8540
0.5288 0.4067 16.7960
0.6726 0.3355 332.4447
0.7457 0.4231 284.6219
0.5425 1.3307 127.6436
0.1197 0.1583 711.0681
0.2447 1.4456 535.7151
0.5195 0.7627 332.2859
0.7328 1.2639 493.9810
0.9323 1.4476 352.3585
0.4677 0.5955 258.1886
0.7651 1.4189 709.7356
0.7083 0.2867 345.9890
0.1132 0.1397 872.7299
0.0435 1.2880 455.4247
0.2471 1.4508 355.9000
0.1814 1.0170 178.1173
0.0559 1.9358 999.3269
0.0362 0.0215 530.1225
0.1448 1.0193 438.6594
0.6907 0.1244 641.0169
0.1061 0.9286 319.8820
0.9222 1.5700 826.4808
0.2639 1.3170 735.1409
0.5120 0.7290 274.7358
0.7660 1.6631 186.2197
0.3894 0.1423 598.2928
0.5122 0.3348 779.8371
0.8924 0.3992 256.5443
0.6674 1.9881 169.5662
0.3544 0.0582 382.8592
0.5817 0.5499 318.6001
0.2833 0.9762 162.9126
0.7409 1.2569 398.4489
0.1589 0.1503 752.1030
0.9858 0.7653 900.2776
0.3928 1.0317 159.8101
0.3671 0.9265 793.2889
0.9769 1.6012 911.1217
0.2286 0.7676 877.4449
0.9887 1.3588 27.6874
0.6319 0.7889 180.9930
0.9004 1.1659 569.6123
0.1570 0.6649 941.0569
0.2690 1.5766 827.7859
0.7175 1.0908 531.2652
0.7246 0.8481 63.7812
0.5944 0.6937 973.4307
0.5239 1.3119 660.6605
0.5049 0.9398 246.8416
0.8213 0.9700 661.2852
0.4745 0.5023 416.4371
0.9563 0.0660 671.2364
0.0008 1.9297 12.7909
0.5923 1.7827 23.5471
0.3125 0.3803 898.6955
0.0534 1.4108 695.2530
0.6897 0.0904 660.5617
0.7712 1.9943 258.3198
0.6208 0.8739 176.9459
0.2887 1.1660 690.5299
0.1637 0.1387 824.8891
0.4043 0.4835 887.5917
0.2941 0.8527 288.4152
0.1452 0.0883 623.1320
0.9131 0.1135 823.6816
0.9219 0.9613 462.6772
0.2024 1.7660 744.7779
0.8819 0.1487 980.5263
0.9099 1.0589 910.7669
0.8659 0.7474 389.7110
0.2105 1.6713 55.3602
0.9871 0.5752 761.4461
0.0841 1.9839 368.3512
0.6536 1.9151 404.1480
0.0601 1.1407 952.8232
0.7747 0.6939 990.1422
0.6629 1.8510 377.1240
0.7447 1.8404 585.1795
0.2153 0.4148 627.3580
0.8182 0.3365 905.3307
0.9728 0.6044 946.1868
0.3688 0.9771 136.5800
0.8718 0.0148 675.0216
0.1888 1.2993 751.2249
0.9632 0.2126 108.4618
0.8836 0.8394 430.6433
0.7323 0.5094 489.9520
0.0290 0.5587 532.4333
0.3394 0.3034 383.7613
0.5748 0.8771 249.6327
0.2523 0.1273 764.9511
0.3371 0.6422 498.3382
383 399
270 308
106 301
36 90
214 97
112 308
308 206
331 448
252 59
362 279
143 118
479 369
344 262
239 161
439 231
327 413
473 207
189 346
143 405
308 98
31 308
308 386
294 410
44 308
72 308
372 308
76 248
357 263
308 364
190 124
28 308
308 159
305 460
244 308
186 294
187 410
442 469
413 308
303 308
308 58
275 167
102 308
469 472
116 46
101 257
297 284
71 427
359 308
16 259
274 22
308 211
475 143
413 421
95 206
308 34
240 143
306 308
251 16
197 308
410 59
325 368
299 135
124 308
178 143
240 241
308 9
193 308
407 143
361 195
16 348
461 308
153 183
436 118
241 143
308 18
367 63
308 45
127 308
272 256
278 308
179 326
119 410
30 237
179 202
308 15
308 419
312 454
273 308
204 482
204 308
46 3
478 198
299 44
143 340
346 30
136 265
134 192
256 72
308 447
131 180
216 444
3 116
308 285
380 337
348 214
369 423
383 146
346 308
411 308
337 429
335 114
200 306
115 51
446 106
58 93
140 434
163 371
387 262
201 13
310 491
245 405
308 162
394 199
103 308
191 359
165 27
465 308
460 279
120 308
110 426
119 384
416 441
348 58
118 410
103 94
12 90
171 193
167 308
496 379
162 36
103 319
22 461
114 308
41 394
349 333
422 308
336 256
116 485
61 240
263 308
369 9
272 336
225 269
435 404
424 303
356 308
308 424
308 168
69 252
262 308
184 335
308 265
35 308
308 460
308 298
308 176
321 250
25 157
381 237
91 308
318 328
308 1
213 419
351 308
308 456
254 406
431 308
200 420
68 308
358 140
480 224
394 194
318 256
18 180
273 160
66 150
496 308
311 411
308 160
172 308
135 366
62 308
215 60
84 489
366 143
180 308
437 114
386 335
432 490
231 300
6 284
57 306
266 489
52 102
316 177
417 15
308 255
143 480
308 39
95 236
33 121
444 249
178 110
342 308
308 492
316 308
308 203
51 482
198 360
122 374
72 460
92 329
386 73
296 405
486 308
350 161
403 294
362 256
120 322
120 259
362 288
408 65
161 227
27 116
342 212
441 44
329 332
294 131
308 415
124 197
308 330
272 152
491 306
231 490
396 230
329 308
18 286
175 449
463 320
308 218
181 219
32 244
308 93
166 203
350 239
38 156
425 308
314 179
313 183
220 172
308 327
77 71
225 371
200 295
126 143
308 139
258 100
56 70
127 200
392 495
424 119
443 56
181 308
376 140
56 143
82 282
184 465
476 308
99 30
308 480
207 254
122 327
78 451
425 107
69 308
217 308
155 66
288 256
32 65
410 435
319 226
62 68
499 212
308 136
89 308
367 65
323 293
100 78
441 299
71 308
106 284
80 421
122 382
259 322
36 308
486 223
274 461
384 303
237 249
308 209
395 406
191 201
189 308
21 233
373 108
433 219
27 115
246 420
254 308
449 30
20 444
256 420
466 211
143 282
308 95
137 185
317 494
129 218
321 316
308 344
493 208
412 301
278 34
308 22
226 168
476 395
333 308
468 285
362 55
192 132
318 106
308 107
175 392
491 127
463 400
249 308
226 429
271 307
487 103
475 7
58 16
64 80
145 428
170 211
449 333
308 23
239 238
64 143
440 125
61 140
444 455
161 262
161 108
166 308
324 308
454 411
249 216
26 308
412 15
390 308
402 16
458 478
453 308
308 233
88 101
497 267
288 172
3 10
99 76
25 310
454 188
254 395
94 78
439 308
143 436
368 296
30 498
308 228
7 241
140 7
385 468
232 308
130 430
308 2
20 403
175 333
150 463
388 85
349 392
331 334
120 347
475 336
211 160
225 3
233 238
259 348
279 111
396 346
377 308
61 434
135 321
171 127
308 274
386 428
193 329
255 131
281 140
308 33
380 451
308 398
57 367
470 77
172 130
474 347
325 405
55 308
272 174
245 141
315 305
266 84
416 299
205 436
457 237
463 103
308 132
343 93
80 413
32 308
48 470
365 72
483 155
231 364
70 443
256 302
289 308
274 143
201 198
78 337
308 141
308 358
498 449
366 192
224 234
308 171
489 366
308 367
308 195
414 308
484 454
353 88
471 308
173 105
45 170
180 255
154 239
308 450
60 386
247 455
300 393
308 343
426 178
308 163
358 438
291 308
128 308
30 495
402 359
150 308
364 439
339 308
190 3
248 449
94 409
143 70
341 31
49 451
307 308
41 173
297 301
499 281
392 308
308 347
207 130
119 309
99 248
308 40
100 363
308 286
172 430
209 497
308 399
143 267
240 499
341 277
97 308
312 188
93 410
369 308
186 403
308 190
183 79
83 109
6 328
139 129
472 240
308 375
308 361
308 444
358 376
146 143
286 158
86 246
407 282
410 75
378 25
85 298
308 237
455 294
1 376
180 229
88 410
143 327
19 465
308 186
192 443
10 179
308 436
420 272
381 109
89 107
254 4
410 500
427 394
464 308
308 82
465 437
133 411
492 98
15 297
494 201
308 222
444 415
10 308
306 25
331 318
108 215
78 429
308 14
30 83
308 52
86 165
83 99
409 173
426 374
174 256
346 230
50 433
439 40
303 119
143 435
410 271
167 324
308 4
404 66
211 273
226 78
3 287
106 338
82 96
8 143
493 143
366 308
409 410
271 148
132 70
353 285
463 487
219 308
458 136
35 429
276 9
200 406
422 143
142 410
345 419
341 308
210 101
308 449
149 308
198 377
466 308
383 234
384 447
200 473
163 65
305 362
428 152
455 30
71 363
49 258
127 332
284 72
308 201
499 472
229 131
96 260
272 79
53 390
30 381
448 112
308 438
277 143
480 70
388 127
81 110
351 77
473 288
163 10
51 152
70 42
106 308
220 55
402 308
468 88
363 258
312 308
62 411
51 462
145 386
209 267
459 500
496 98
426 143
75 119
311 156
3 211
270 311
364 294
308 475
481 308
203 155
410 131
241 61
311 30
25 308
143 221
406 207
8 375
308 87
202 10
362 172
147 1
248 457
38 311
296 208
6 318
430 288
397 308
194 41
300 308
308 42
212 308
212 34
94 410
308 123
317 311
308 220
279 305
486 169
256 328
435 150
477 308
292 23
463 228
209 218
67 410
77 427
143 208
125 418
479 423
31 143
74 308
110 464
17 166
472 481
233 387
74 273
136 23
485 27
404 203
164 259
372 402
8 308
148 308
308 468
258 308
288 420
245 308
311 58
248 308
308 129
181 244
169 308
267 308
77 41
262 60
493 264
430 207
336 174
108 37
93 311
338 308
287 242
4 26
308 384
308 238
466 486
173 308
13 191
220 362
143 256
266 192
266 134
284 91
27 308
126 234
96 113
131 439
65 308
411 484
185 358
391 308
222 144
410 487
385 67
207 200
390 261
401 473
188 196
308 442
483 308
46 95
410 105
355 455
489 192
462 115
491 295
309 308
368 405
352 308
361 102
257 410
280 308
56 182
363 199
448 325
180 217
268 476
19 152
474 164
495 128
12 36
240 340
229 255
211 167
299 304
394 363
191 16
275 273
447 119
316 299
308 326
288 401
301 308
205 450
308 383
127 295
308 276
66 483
310 388
297 106
163 219
1 185
143 139
441 308
308 77
72 362
248 498
471 440
238 262
416 44
334 318
404 143
437 308
308 179
173 470
143 104
161 154
340 472
410 101
346 495
408 306
390 452
6 256
143 96
341 17
3 167
479 414
335 428
283 308
401 420
459 308
440 308
365 308
308 268
143 489
137 308
133 308
119 162
64 469
488 143
19 204
168 319
232 276
308 96
226 94
308 63
246 3
236 3
200 491
389 308
444 247
496 104
2 479
390 117
308 393
459 75
410 400
456 405
348 97
136 311
157 388
283 203
152 108
308 331
436 410
239 117
143 496
308 110
308 335
308 130
309 424
21 387
154 238
1 123
86 51
401 200
283 155
108 151
215 243
478 201
258 451
463 308
484 133
308 387
399 234
96 282
103 410
57 63
480 126
467 308
116 308
314 202
54 308
308 432
197 190
414 423
65 371
21 308
173 309
382 110
24 143
469 481
255 339
317 136
115 308
205 93
135 308
388 171
408 200
11 152
223 308
321 143
92 308
411 196
120 372
304 308
244 219
308 417
392 128
97 58
347 164
308 85
280 143
136 138
131 40
128 346
73 108
279 308
463 410
30 216
396 188
308 379
126 146
448 208
399 224
422 260
66 308
143 218
188 411
243 73
148 210
440 353
308 445
91 417
3 95
441 316
400 435
299 308
156 62
284 256
48 77
252 308
101 418
481 222
470 41
292 136
59 271
308 311
260 308
108 243
182 143
43 458
209 29
376 185
378 308
132 42
322 16
308 59
428 184
452 308
131 364
266 443
125 88
242 3
83 248
66 203
72 305
298 171
129 143
33 81
275 308
362 111
16 13
41 94
308 146
453 23
308 111
143 253
313 79
183 336
423 308
88 418
123 278
378 306
37 11
428 19
500 187
396 356
94 194
70 308
281 434
284 446
308 117
283 483
156 291
242 86
467 349
429 308
152 37
51 19
255 18
474 259
8 31
68 411
308 349
412 308
448 308
308 192
258 71
94 199
410 311
167 179
308 458
25 85
44 304
163 433
308 353
410 370
493 448
494 311
436 93
493 334
206 116
312 484
250 488
226 35
308 345
49 308
20 308
364 186
250 366
448 368
123 212
62 311
308 499
126 224
8 104
308 403
411 30
457 308
485 242
64 413
308 382
108 428
308 482
9 153
320 308
431 33
308 224
488 321
1 137
5 308
187 308
75 12
490 393
308 188
221 492
199 100
308 253
53 308
143 84
188 356
308 205
453 138
153 369
385 308
442 89
242 246
143 250
12 459
30 76
170 308
149 470
210 308
408 367
143 22
475 256
143 81
436 450
321 177
60 308
433 65
412 297
308 484
121 81
219 65
351 470
469 340
464 39
18 158
269 420
145 108
308 121
203 17
101 308
410 180
358 137
331 493
308 17
177 143
151 350
79 152
308 236
470 308
308 314
77 394
142 101
308 318
140 241
101 440
342 499
466 190
347 259
143 209
466 54
156 308
127 92
214 308
447 162
30 392
208 368
58 343
352 2
464 81
308 490
396 196
173 119
332 193
308 122
108 227
144 308
263 429
213 130
296 143
103 226
104 308
206 46
138 308
409 41
7 143
16 120
421 89
362 302
138 292
121 143
443 84
83 381
276 79
346 411
123 499
402 120
439 300
261 308
158 308
17 143
24 126
405 253
290 308
453 292
105 119
354 308
476 26
398 176
117 238
318 143
308 191
87 232
465 204
426 382
251 323
308 202
420 3
108 386
3 371
374 143
198 308
186 47
43 478
101 125
30 175
448 141
15 284
326 324
91 15
300 445
376 123
348 5
451 100
153 313
143 443
308 396
436 177
346 196
51 165
308 43
442 64
308 235
462 308
291 289
