14 36 2 1 11
737.8089 229.4576
0.7405 1.7082 89.4874
0.1758 0.5970 659.5231
0.9301 0.7248 576.5123
0.6125 0.2674 836.1539
0.9273 1.2307 931.5370
0.1646 0.5889 707.8943
0.0930 1.0595 916.4795
0.8825 1.7991 946.6638
0.3385 0.9264 488.0802
0.1245 1.0104 473.4923
0.1300 0.3893 975.1758
0.7440 0.8259 920.4088
0.8384 1.5774 351.4608
0.0405 1.0161 984.3974
7 5
11 14
6 2
9 3
9 5
10 7
7 9
8 1
12 9
6 7
10 2
8 4
10 12
12 3
5 1
13 14
7 11
6 10
14 7
1 13
12 2
1 4
4 5
4 6
14 1
5 13
4 3
5 8
7 13
4 11
4 2
4 7
14 4
3 5
10 9
4 12
